0.23231 23168
0.232791 24616
0.233031 26064
0.233632 27512
0.234233 28960
0.234473 30408
0.235074 31856
0.27646 33304
0.2767 34752
0.277301 36200
0.277541 37648
0.277781 39096
0.278743 40544
0.279344 41992
0.279584 43440
0.279824 44888
0.280785 46336
0.281026 47784
0.320729 49232
0.32097 50680
0.32121 52128
0.322171 53576
0.322411 55024
0.322652 56472
0.322892 57920
0.324214 59368
0.324454 60816
0.325055 62264
0.325295 63712
0.325536 65160
0.325776 66608
0.327098 68056
0.327338 69504
0.327578 70952
0.364879 72400
0.365119 73848
0.365359 75296
0.3656 76744
0.36584 78192
0.367162 79640
0.367402 81088
0.367642 82536
0.367883 83984
0.368123 85432
0.368363 86880
0.370045 88328
0.370286 89776
0.370526 91224
0.371487 92672
0.371728 94120
0.371968 95568
0.372208 97016
0.372449 98464
0.372689 99912
0.374371 101360
0.374612 102808
0.374852 104256
0.375092 105704
0.409028 107152
0.409268 108600
0.409509 110048
0.409749 111496
0.409989 112944
0.41023 114392
0.41047 115840
0.41071 117288
0.412753 118736
0.412993 120184
0.413234 121632
0.413474 123080
0.413714 124528
0.413955 125976
0.414195 127424
0.414435 128872
0.414676 130320
0.417079 131768
0.417319 133216
0.417559 134664
0.4178 136112
0.419121 137560
0.419362 139008
0.419602 140456
0.419842 141904
0.420083 143352
0.420323 144800
0.420563 146248
0.420804 147696
0.421044 149144
0.423447 150592
0.423688 152040
0.423928 153488
0.424168 154936
0.424408 156384
0.424649 157832
0.453177 159280
0.453418 160728
0.453658 162176
0.453898 163624
0.454139 165072
0.454379 166520
0.454619 167968
0.45486 169416
0.4551 170864
0.45534 172312
0.455581 173760
0.455821 175208
0.458945 176656
0.459185 178104
0.459426 179552
0.459666 181000
0.459906 182448
0.460147 183896
0.460387 185344
0.460627 186792
0.460868 188240
0.461108 189688
0.461348 191136
0.461589 192584
0.461829 194032
0.462069 195480
0.465554 196928
0.465794 198376
0.466034 199824
0.466275 201272
0.466515 202720
0.466755 204168
0.468438 205616
0.468678 207064
0.468918 208512
0.469159 209960
0.469399 211408
0.469639 212856
0.46988 214304
0.47012 215752
0.47036 217200
0.470601 218648
0.470841 220096
0.471081 221544
0.471322 222992
0.474806 224440
0.475046 225888
0.475287 227336
0.475527 228784
0.475767 230232
0.476008 231680
0.476248 233128
0.476488 234576
0.476729 236024
0.497327 237472
0.497567 238920
0.497807 240368
0.498048 241816
0.498288 243264
0.498528 244712
0.498769 246160
0.499009 247608
0.499249 249056
0.49949 250504
0.49973 251952
0.49997 253400
0.500211 254848
0.500451 256296
0.500691 257744
0.500932 259192
0.501172 260640
0.501412 262088
0.505978 263536
0.506219 264984
0.506459 266432
0.506699 267880
0.50694 269328
0.50718 270776
0.50742 272224
0.50766 273672
0.507901 275120
0.508141 276568
0.508381 278016
0.508622 279464
0.508862 280912
0.509102 282360
0.509343 283808
0.509583 285256
0.509823 286704
0.510064 288152
0.510304 289600
0.510544 291048
0.510785 292496
0.516072 293944
0.516312 295392
0.516552 296840
0.516793 298288
0.517033 299736
0.517273 301184
0.517514 302632
0.517754 304080
0.517994 305528
0.520397 306976
0.520638 308424
0.520878 309872
0.521118 311320
0.521359 312768
0.521599 314216
0.521839 315664
0.52208 317112
0.52232 318560
0.52256 320008
0.522801 321456
0.523041 322904
0.523281 324352
0.523522 325800
0.523762 327248
0.524002 328696
0.524243 330144
0.524483 331592
0.524723 333040
0.524964 334488
0.52989 335936
0.53013 337384
0.530371 338832
0.530611 340280
0.530851 341728
0.531092 343176
0.531332 344624
0.531572 346072
0.531813 347520
0.532053 348968
0.532293 350416
0.532534 351864
0.532774 353312
0.541476 354760
0.541716 356208
0.541957 357656
0.542197 359104
0.542437 360552
0.542678 362000
0.542918 363448
0.543158 364896
0.543399 366344
0.543639 367792
0.543879 369240
0.54412 370688
0.54436 372136
0.5446 373584
0.544841 375032
0.545081 376480
0.545321 377928
0.545562 379376
0.545802 380824
0.546042 382272
0.546283 383720
0.546523 385168
0.546763 386616
0.547003 388064
0.547244 389512
0.547484 390960
0.547724 392408
0.554453 393856
0.554694 395304
0.554934 396752
0.555174 398200
0.555415 399648
0.555655 401096
0.555895 402544
0.556136 403992
0.556376 405440
0.556616 406888
0.556857 408336
0.557097 409784
0.557337 411232
0.557578 412680
0.557818 414128
0.558058 415576
0.558299 417024
0.558539 418472
0.558779 419920
0.559019 421368
0.55926 422816
0.5595 424264
0.55974 425712
0.559981 427160
0.560221 428608
0.560461 430056
0.560702 431504
0.560942 432952
0.561182 434400
0.561423 435848
0.561663 437296
0.561903 438744
0.569714 440192
0.569954 441640
0.570194 443088
0.570435 444536
0.570675 445984
0.570915 447432
0.571156 448880
0.571396 450328
0.571636 451776
0.571877 453224
0.572117 454672
0.572357 456120
0.572598 457568
0.576082 459016
0.576323 460464
0.576563 461912
0.576803 463360
0.577043 464808
0.577284 466256
0.577524 467704
0.577764 469152
0.578005 470600
0.578245 472048
0.578485 473496
0.578726 474944
0.578966 476392
0.579206 477840
0.579447 479288
0.579687 480736
0.579927 482184
0.580168 483632
0.580408 485080
0.580648 486528
0.580889 487976
0.581129 489424
0.581369 490872
0.58161 492320
0.58185 493768
0.58209 495216
0.582331 496664
0.582571 498112
0.582811 499560
0.583051 501008
0.590501 502456
0.590742 503904
0.590982 505352
0.591222 506800
0.591463 508248
0.591703 509696
0.591943 511144
0.592184 512592
0.592424 514040
0.592664 515488
0.592905 516936
0.593145 518384
0.593385 519832
0.593626 521280
0.593866 522728
0.594106 524176
0.594347 525624
0.594587 527072
0.594827 528520
0.595067 529968
0.599994 531416
0.600234 532864
0.600475 534312
0.600715 535760
0.600955 537208
0.601196 538656
0.601436 540104
0.601676 541552
0.601917 543000
0.602157 544448
0.602397 545896
0.602638 547344
0.602878 548792
0.603118 550240
0.603359 551688
0.603599 553136
0.603839 554584
0.604079 556032
0.60432 557480
0.60456 558928
0.6048 560376
0.605041 561824
0.605281 563272
0.605521 564720
0.605762 566168
0.606002 567616
0.606242 569064
0.606483 570512
0.606723 571960
0.606963 573408
0.607204 574856
0.607444 576304
0.607684 577752
0.607925 579200
0.608165 580648
0.608405 582096
0.608646 583544
0.608886 584992
0.609126 586440
0.609367 587888
0.61934 589336
0.61958 590784
0.61982 592232
0.620061 593680
0.620301 595128
0.620541 596576
0.620782 598024
0.621022 599472
0.621262 600920
0.621503 602368
0.621743 603816
0.621983 605264
0.622224 606712
0.622464 608160
0.622704 609608
0.622945 611056
0.623185 612504
0.623425 613952
0.623666 615400
0.623906 616848
0.624146 618296
0.624387 619744
0.624627 621192
0.624867 622640
0.625107 624088
0.625348 625536
0.625588 626984
0.625828 628432
0.626069 629880
0.626309 631328
0.626549 632776
0.62679 634224
0.62703 635672
0.62727 637120
0.627511 638568
0.627751 640016
0.627991 641464
0.628232 642912
0.628472 644360
0.628712 645808
0.628953 647256
0.629193 648704
0.629433 650152
0.629674 651600
0.629914 653048
0.630154 654496
0.630395 655944
0.630635 657392
0.642411 658840
0.642651 660288
0.642891 661736
0.643131 663184
0.643372 664632
0.643612 666080
0.643852 667528
0.644093 668976
0.644333 670424
0.644573 671872
0.644814 673320
0.645054 674768
0.645294 676216
0.645535 677664
0.645775 679112
0.646015 680560
0.646256 682008
0.646496 683456
0.646736 684904
0.646977 686352
0.651903 687800
0.652143 689248
0.652384 690696
0.652624 692144
0.652864 693592
0.653105 695040
0.653345 696488
0.653585 697936
0.653826 699384
0.654066 700832
0.654306 702280
0.654547 703728
0.654787 705176
0.655027 706624
0.655268 708072
0.655508 709520
0.655748 710968
0.655989 712416
0.656229 713864
0.656469 715312
0.65671 716760
0.65695 718208
0.65719 719656
0.657431 721104
0.657671 722552
0.657911 724000
0.658151 725448
0.658392 726896
0.658632 728344
0.658872 729792
0.659113 731240
0.659353 732688
0.659593 734136
0.659834 735584
0.660074 737032
0.660314 738480
0.660555 739928
0.660795 741376
0.661035 742824
0.661276 744272
0.661516 745720
0.661756 747168
0.661997 748616
0.662237 750064
0.662477 751512
0.673532 752960
0.673772 754408
0.674013 755856
0.674253 757304
0.674493 758752
0.674734 760200
0.674974 761648
0.675214 763096
0.675455 764544
0.675695 765992
0.675935 767440
0.676175 768888
0.676416 770336
0.676656 771784
0.676896 773232
0.677137 774680
0.677377 776128
0.677617 777576
0.677858 779024
0.678098 780472
0.678338 781920
0.678579 783368
0.678819 784816
0.679059 786264
0.6793 787712
0.67954 789160
0.67978 790608
0.680021 792056
0.680261 793504
0.680501 794952
0.687951 796400
0.688191 797848
0.688432 799296
0.688672 800744
0.688912 802192
0.689153 803640
0.689393 805088
0.689633 806536
0.689874 807984
0.690114 809432
0.690354 810880
0.690595 812328
0.690835 813776
0.691075 815224
0.691316 816672
0.691556 818120
0.691796 819568
0.692037 821016
0.692277 822464
0.692517 823912
0.692758 825360
0.692998 826808
0.693238 828256
0.693479 829704
0.693719 831152
0.693959 832600
0.694199 834048
0.69444 835496
0.69468 836944
0.69492 838392
0.695161 839840
0.695401 841288
0.695641 842736
0.695882 844184
0.696122 845632
0.696362 847080
0.696603 848528
0.696843 849976
0.697083 851424
0.697324 852872
0.697564 854320
0.697804 855768
0.698045 857216
0.698285 858664
0.698525 860112
0.698766 861560
0.699006 863008
0.699246 864456
0.699487 865904
0.699727 867352
0.699967 868800
0.700207 870248
0.700448 871696
0.700688 873144
0.700928 874592
0.701169 876040
0.701409 877488
0.701649 878936
0.70189 880384
0.70213 881832
0.71679 883280
0.71703 884728
0.71727 886176
0.717511 887624
0.717751 889072
0.717991 890520
0.718231 891968
0.718472 893416
0.718712 894864
0.718952 896312
0.719193 897760
0.719433 899208
0.719673 900656
0.719914 902104
0.720154 903552
0.720394 905000
0.720635 906448
0.720875 907896
0.721115 909344
0.721356 910792
0.721596 912240
0.721836 913688
0.722077 915136
0.722317 916584
0.722557 918032
0.722798 919480
0.723038 920928
0.723278 922376
0.723519 923824
0.723759 925272
0.723999 926720
0.724239 928168
0.72448 929616
0.72472 931064
0.72496 932512
0.725201 933960
0.725441 935408
0.725681 936856
0.725922 938304
0.726162 939752
0.726402 941200
0.726643 942648
0.726883 944096
0.727123 945544
0.727364 946992
0.727604 948440
0.727844 949888
0.728085 951336
0.728325 952784
0.728565 954232
0.728806 955680
0.729046 957128
0.729286 958576
0.729527 960024
0.729767 961472
0.730007 962920
0.730247 964368
0.730488 965816
0.730728 967264
0.730968 968712
0.731209 970160
0.731449 971608
0.731689 973056
0.73193 974504
0.73217 975952
0.73241 977400
0.732651 978848
0.732891 980296
0.733131 981744
0.733372 983192
0.733612 984640
0.733852 986088
0.751396 987536
0.751636 988984
0.751876 990432
0.752117 991880
0.752357 993328
0.752597 994776
0.752838 996224
0.753078 997672
0.753318 999120
0.753559 1000568
0.753799 1002016
0.754039 1003464
0.754279 1004912
0.75452 1006360
0.75476 1007808
0.755 1009256
0.755241 1010704
0.755481 1012152
0.755721 1013600
0.755962 1015048
0.756202 1016496
0.756442 1017944
0.756683 1019392
0.756923 1020840
0.757163 1022288
0.757404 1023736
0.757644 1025184
0.757884 1026632
0.758125 1028080
0.758365 1029528
0.765815 1030976
0.766055 1032424
0.766295 1033872
0.766536 1035320
0.766776 1036768
0.767016 1038216
0.767257 1039664
0.767497 1041112
0.767737 1042560
0.767978 1044008
0.768218 1045456
0.768458 1046904
0.768699 1048352
0.768939 1049800
0.769179 1051248
0.76942 1052696
0.76966 1054144
0.7699 1055592
0.770141 1057040
0.770381 1058488
0.770621 1059936
0.770862 1061384
0.771102 1062832
0.771342 1064280
0.771583 1065728
0.771823 1067176
0.772063 1068624
0.772303 1070072
0.772544 1071520
0.772784 1072968
0.773024 1074416
0.773265 1075864
0.773505 1077312
0.773745 1078760
0.773986 1080208
0.774226 1081656
0.774466 1083104
0.774707 1084552
0.774947 1086000
0.775187 1087448
0.775428 1088896
0.775668 1090344
0.775908 1091792
0.776149 1093240
0.776389 1094688
0.776629 1096136
0.77687 1097584
0.77711 1099032
0.77735 1100480
0.777591 1101928
0.777831 1103376
0.778071 1104824
0.778311 1106272
0.778552 1107720
0.778792 1109168
0.779032 1110616
0.779273 1112064
0.779513 1113512
0.779753 1114960
0.779994 1116408
0.780234 1117856
0.780474 1119304
0.780715 1120752
0.780955 1122200
0.781195 1123648
0.781436 1125096
0.781676 1126544
0.797417 1127992
0.797899 1126544
0.798019 1125096
0.79814 1122919
0.79826 1122193
0.79838 1120019
0.798501 1117856
0.798621 1114960
0.798741 1113512
0.798861 1110616
0.798981 1109696
0.799101 1106272
0.799222 1104824
0.799342 1101928
0.799462 1100480
0.799582 1097925
0.799702 1096136
0.799822 1093240
0.799943 1091792
0.800063 1088896
0.800183 1087602
0.800303 1085428
0.800423 1083104
0.800543 1080208
0.800664 1078760
0.800784 1075864
0.800904 1075105
0.801024 1071520
0.801144 1070072
0.801264 1067176
0.801384 1065728
0.801505 1063334
0.801625 1061384
0.801745 1058488
0.801865 1057040
0.801985 1054144
0.802105 1053011
0.802226 1049800
0.802346 1048352
0.802466 1045456
0.802586 1044008
0.802706 1041239
0.802826 1040514
0.802947 1036768
0.803067 1035320
0.803187 1032424
0.803307 1030976
0.803427 1028742
0.803547 1026632
0.803668 1023736
0.803788 1022288
0.803908 1019392
0.804028 1018419
0.804148 1015048
0.804268 1013600
0.804388 1010704
0.804509 1009256
0.811838 1006648
0.811959 1004912
0.812079 1002016
0.812199 1000568
0.812319 997672
0.812439 996325
0.812559 994151
0.81268 991880
0.8128 988984
0.81292 987536
0.81304 984640
0.81316 983828
0.81328 980296
0.8134 978848
0.813521 975952
0.813641 974504
0.813761 972057
0.813881 970160
0.814001 967264
0.814121 965816
0.814242 962920
0.814362 961734
0.814482 958576
0.814602 957128
0.814722 954232
0.814842 952784
0.814963 949963
0.815083 949237
0.815203 945544
0.815323 944096
0.815443 941200
0.815563 939752
0.815684 937466
0.815804 935408
0.815924 932512
0.816044 931064
0.816164 928168
0.816284 927142
0.816404 923824
0.816525 922376
0.816645 919480
0.816765 918032
0.816885 915371
0.817005 913688
0.817125 910792
0.817246 909344
0.817366 906448
0.817486 905048
0.817606 902874
0.817726 900656
0.817846 897760
0.817967 896312
0.818087 893416
0.818207 892551
0.818327 889072
0.818447 887624
0.818567 884728
0.818688 883280
0.818808 880780
0.818928 878936
0.819048 876040
0.819168 874592
0.819288 871696
0.819408 870457
0.819529 867352
0.819649 865904
0.819769 863008
0.819889 861560
0.820009 858686
0.820129 857960
0.82025 854320
0.82037 852872
0.82049 849976
0.82061 848528
0.82073 846189
0.82085 844184
0.820971 841288
0.821091 839840
0.821211 836944
0.821331 835866
0.821451 832600
0.821571 831152
0.821692 828256
0.821812 826808
0.821932 824094
0.822052 822464
0.822172 819568
0.822292 818120
0.822412 815224
0.822533 813776
0.822653 811597
0.822773 809432
0.822893 806536
0.823013 805088
0.823133 802192
0.823254 801274
0.823374 797848
0.823494 796400
0.823614 793504
0.823734 792056
0.823854 789503
0.823975 787712
0.824095 784816
0.824215 783368
0.824335 780472
0.824455 779180
0.824575 777006
0.824696 774680
0.824816 771784
0.824936 770336
0.825056 767440
0.825176 766683
0.825296 763096
0.825416 761648
0.825537 758752
0.825657 757304
0.825777 754912
0.825897 752960
0.826017 750064
0.826137 748616
0.840677 745720
0.840797 744589
0.840917 741376
0.841037 739928
0.841157 737032
0.841278 735584
0.841398 732818
0.841518 732092
0.841638 728344
0.841758 726896
0.841878 724000
0.841999 722552
0.842119 720321
0.842239 718208
0.842359 715312
0.842479 713864
0.842599 710968
0.84272 709997
0.84284 706624
0.84296 705176
0.84308 702280
0.8432 700832
0.84332 698226
0.84344 696488
0.843561 693592
0.843681 692144
0.843801 689248
0.843921 687903
0.844041 685729
0.844161 683456
0.844282 680560
0.844402 679112
0.844522 676216
0.844642 675406
0.844762 671872
0.844882 670424
0.845003 667528
0.845123 666080
0.845243 663635
0.845363 661736
0.845483 658840
0.845603 657392
0.845724 654496
0.845844 653312
0.845964 650152
0.846084 648704
0.846204 645808
0.846324 644360
0.846444 641541
0.846565 640815
0.846685 637120
0.846805 635672
0.846925 632776
0.847045 631328
0.847165 629044
0.847286 626984
0.847406 624088
0.847526 622640
0.847646 619744
0.847766 618721
0.847886 615400
0.848007 613952
0.848127 611056
0.848247 609608
0.848367 606949
0.848487 605264
0.848607 602368
0.848728 600920
0.848848 598024
0.848968 596626
0.849088 594452
0.849208 592232
0.849328 589336
0.849448 587888
0.849569 584992
0.849689 584129
0.849809 580648
0.849929 579200
0.850049 576304
0.850169 574856
0.85029 572358
0.85041 570512
0.85053 567616
0.85065 566168
0.85077 563996
0.85089 563272
0.851011 561824
0.851251 560376
0.851491 558928
0.851732 557480
0.851972 556032
0.852212 554584
0.852452 553136
0.852693 551688
0.852933 550240
0.853173 548792
0.853414 547344
0.853654 545896
0.853894 544448
0.854135 543000
0.854375 541552
0.854615 540104
0.854856 538656
0.855096 537208
0.855336 535760
0.855577 534312
0.855817 532864
0.856057 531416
0.856298 529968
0.856538 528520
0.856778 527072
0.857019 525624
0.857259 524176
0.857499 522728
0.85774 521280
0.875283 519832
0.875523 518384
0.875764 516936
0.876004 515488
0.876244 514040
0.876484 512592
0.876725 511144
0.876965 509696
0.877205 508248
0.877446 506800
0.877686 505352
0.877926 503904
0.878167 502456
0.878407 501008
0.878647 499560
0.878888 498112
0.879128 496664
0.879368 495216
0.879609 493768
0.879849 492320
0.880089 490872
0.88033 489424
0.88057 487976
0.88081 486528
0.881051 485080
0.881291 483632
0.881531 482184
0.881772 480736
0.882012 479288
0.882252 477840
0.889702 476392
0.889942 474944
0.890183 473496
0.890423 472048
0.890663 470600
0.890904 469152
0.891144 467704
0.891384 466256
0.891625 464808
0.891865 463360
0.892105 461912
0.892346 460464
0.892586 459016
0.892826 457568
0.893067 456120
0.893307 454672
0.893547 453224
0.893788 451776
0.894028 450328
0.894268 448880
0.894508 447432
0.894749 445984
0.894989 444536
0.895229 443088
0.89547 441640
0.89571 440192
0.89595 438744
0.896191 437296
0.896431 435848
0.896671 434400
0.896912 432952
0.897152 431504
0.897392 430056
0.897633 428608
0.897873 427160
0.898113 425712
0.898354 424264
0.898594 422816
0.898834 421368
0.899075 419920
0.899315 418472
0.899555 417024
0.899796 415576
0.900036 414128
0.900276 412680
0.900516 411232
0.900757 409784
0.900997 408336
0.901237 406888
0.901478 405440
0.901718 403992
0.901958 402544
0.902199 401096
0.902439 399648
0.902679 398200
0.90292 396752
0.90316 395304
0.9034 393856
0.903641 392408
0.903881 390960
0.904121 389512
0.904362 388064
0.904602 386616
0.904842 385168
0.905083 383720
0.905323 382272
0.905563 380824
0.920703 379376
0.920944 377928
0.921424 563996
1.08075 565444
1.17352 566892
1.26388 568340
1.357 569788
1.43294 571236
1.52619 572684
1.61955 574132
1.71328 575580
1.80712 577028
1.90109 578476
1.99505 579924
2.08938 581372
2.18382 582820
2.27863 584268
2.37332 585716
2.46824 587164
2.56329 588612
2.6587 590060
2.75422 591508
2.84987 592956
2.94552 594404
3.04153 595852
3.13765 597300
3.23414 598748
3.33051 600196
3.42712 601644
3.52385 603092
3.62094 604540
3.71815 605988
3.81548 607436
3.91281 608884
4.0105 610332
4.10831 611780
4.20648 613228
4.30453 614676
4.40294 616124
4.50147 617572
4.60024 619020
4.69913 620468
4.79814 621916
4.89728 623364
4.99677 624812
5.09626 626260
5.19611 627708
5.29585 629156
5.39594 630604
5.49615 632052
5.59661 633500
5.69718 634948
5.79788 636396
5.89869 637844
5.99986 639292
6.10116 640740
6.20257 642188
6.30399 643636
6.40576 645084
6.50766 646532
6.60992 647980
6.71205 649428
6.81443 650876
6.91693 652324
7.01978 653772
7.12276 655220
7.22586 656668
7.32907 658116
7.43265 659564
7.53623 661012
7.64017 662460
7.74399 663908
7.84817 665356
7.95246 666804
8.05712 668252
8.16166 669700
8.26644 671148
8.37134 672596
8.4766 674044
8.58198 675492
8.68748 676940
8.7931 678388
8.89908 679836
9.00507 681284
9.11141 682732
9.21763 684180
9.32421 685628
9.43091 687076
9.53798 688524
9.64492 689972
9.7521 691420
9.8594 692868
9.96707 694316
10.0749 695764
10.1828 697212
10.2908 698660
10.3992 700108
10.5077 701556
10.6163 703004
10.7249 704452
10.8339 705900
10.943 707348
11.0525 708796
11.1618 710244
11.2715 711692
11.3814 713140
11.4914 714588
11.6016 716036
11.7119 717484
11.8223 718932
11.9331 720380
12.044 721828
12.1551 723276
12.2662 724724
12.3777 726172
12.4892 727620
12.6011 729068
12.7128 730516
12.825 731964
12.9372 733412
13.0498 734860
13.1622 736308
13.2751 737756
13.388 739204
13.5012 740652
13.6145 742100
13.728 743548
13.8415 744996
13.9554 746444
14.0694 747892
14.1836 749340
14.2979 750788
14.4125 752236
14.5273 753684
14.6421 755132
14.757 756580
14.8722 758028
14.9876 759476
15.1033 760924
15.2189 762372
15.3349 763820
15.4432 765268
15.5597 766716
15.676 768164
15.7925 769612
15.9092 771060
16.0263 772508
16.1434 773956
16.2607 775404
16.3781 776852
16.4958 778300
16.6137 779748
16.7317 781196
16.8498 782644
16.9683 784092
17.0869 785540
17.2056 786988
17.3243 788436
17.4434 789884
17.5626 791332
17.6822 792780
17.8016 794228
17.9214 795676
18.0413 797124
18.1616 798572
18.2818 800020
18.4023 801468
18.5229 802916
18.6439 804364
18.7648 805812
18.8861 807260
19.0074 808708
19.1291 810156
19.2507 811604
19.3726 813052
19.4946 814500
19.6169 815948
19.7393 817396
19.8619 818844
19.9846 820292
20.1076 821740
20.2308 823188
20.3541 824636
20.4775 826084
20.6012 827532
20.684 825360
20.6841 823912
20.6845 823183
20.6846 822457
20.685 821731
20.6851 821005
20.6857 820279
20.6858 818120
20.6862 816672
20.6863 815224
20.6867 813776
20.6868 812328
20.6871 810880
20.6873 810021
20.6876 807984
20.6877 806536
20.6881 805088
20.6882 803640
20.6886 802192
20.6887 800744
20.6891 799764
20.6892 797848
20.6895 796400
20.6897 794952
20.69 793504
20.6901 792056
20.6905 790608
20.6906 789506
20.691 787712
20.6911 786264
20.6915 784816
20.6916 783368
20.6919 781920
20.6921 780472
20.6924 779248
20.6925 777576
20.6929 776128
20.693 774680
20.6934 773232
20.6935 771784
20.6939 770336
20.694 768990
20.6944 768264
20.6945 765992
20.6948 764544
20.695 763096
20.6953 761648
20.6954 760200
20.6956 758752
20.6957 758007
20.6958 755856
20.6959 754408
20.696 752960
20.6962 751512
20.6963 750064
20.6964 748616
20.6965 747749
20.6966 745720
20.6968 744272
20.6969 742824
20.697 741376
20.6971 739928
20.6972 738480
20.6974 737491
20.6975 735584
20.6976 734136
20.6977 732688
20.6978 731240
20.698 729792
20.6981 728344
20.6982 727233
20.6983 725448
20.6984 724000
20.6986 722552
20.6987 721104
20.6988 719656
20.6989 718208
20.699 716976
20.6992 715312
20.6993 713864
20.6994 712416
20.6995 710968
20.6996 709520
20.6998 708072
20.6999 706718
20.7 705992
20.7001 703728
20.7002 702280
20.7004 700832
20.7005 699384
20.7006 697936
20.7007 696488
20.7008 695734
20.701 693592
20.7011 692144
20.7012 690696
20.7013 689248
20.7014 687800
20.7016 686352
20.7017 685476
20.7018 683456
20.7019 682008
20.702 680560
20.7022 679112
20.7023 677664
20.7024 676216
20.7025 675219
20.7026 673320
20.7028 671872
20.7029 670424
20.703 668976
20.7031 667528
20.7032 666080
20.7034 664961
20.7035 663184
20.7036 661736
20.7037 660288
20.7038 658840
20.704 657392
20.7041 655944
20.7042 654703
20.7043 653048
20.7044 651600
20.7046 650152
20.7047 648704
20.7048 647256
20.7049 645808
20.705 644445
20.7052 643719
20.7053 641464
20.7054 640016
20.7055 638568
20.7056 637120
20.7058 635672
20.7059 634224
20.706 633462
20.7061 631328
20.7062 629880
20.7064 628432
20.7065 626984
20.7066 625536
20.7067 624088
20.7068 623204
20.707 621192
20.7071 619744
20.7072 618296
20.7073 616848
20.7074 615400
20.7076 613952
20.7077 612946
20.7078 611056
20.7079 609608
20.708 608160
20.7082 606712
20.7083 605264
20.7084 603816
20.7085 602688
20.7087 600920
20.7088 599472
20.7089 598024
20.709 596576
20.7091 595128
20.7093 593680
20.7094 592431
20.7095 590784
20.7096 589336
20.7097 587888
20.7099 586440
20.71 584992
20.7101 583544
20.7102 582173
20.7103 581447
20.7105 579200
20.7106 577752
20.7107 576304
20.7108 574856
20.7109 573408
20.7111 571960
20.7112 571189
20.7113 569064
20.7114 567616
20.7115 566168
20.7117 564720
20.7118 563272
20.7119 561824
20.712 560931
20.7232 558928
20.7233 557480
20.7234 556032
20.7236 554584
20.7237 553136
20.7238 551688
20.7239 550674
20.724 548792
20.7242 547344
20.7243 545896
20.7244 544448
20.7245 543000
20.7246 541552
20.7248 540416
20.7249 538656
20.725 537208
20.7251 535760
20.7252 534312
20.7254 532864
20.7255 531416
20.7256 528710
20.7257 527072
20.7258 525624
20.726 524176
20.7261 522728
20.7262 521280
20.7263 519832
20.7264 518452
20.7266 517726
20.7267 515488
20.7268 514040
20.7269 512592
20.727 511144
20.7272 509696
20.7273 508248
20.7274 507469
20.7275 505352
20.7276 503904
20.7278 502456
20.7279 501008
20.728 499560
20.7281 498112
20.7282 497211
20.7284 495216
20.7285 493768
20.7286 492320
20.7287 490872
20.7288 489424
20.729 487976
20.7291 486953
20.7292 485080
20.7293 483632
20.7294 482184
20.7296 480736
20.7297 479288
20.7298 477840
20.7299 476695
20.73 474944
20.7302 473496
20.7303 472048
20.7304 470600
20.7305 469152
20.7306 467704
20.7308 466437
20.7309 464808
20.731 463360
20.7311 461912
20.7312 460464
20.7314 459016
20.7315 457568
20.7316 456180
20.7317 455454
20.7318 453224
20.732 451776
20.7321 450328
20.7322 448880
20.7323 447432
20.7324 445984
20.7326 445196
20.7327 443088
20.7328 441640
20.7329 440192
20.733 438744
20.7332 437296
20.7333 435848
20.7334 434938
20.7335 432952
20.7336 431504
20.7338 430056
20.7339 428608
20.734 427160
20.7341 425712
20.7342 424681
20.7344 422816
20.7345 421368
20.7346 419920
20.7347 418472
20.7348 417024
20.735 415576
20.7351 414423
20.7352 413766
20.7353 412680
20.8079 413766
20.8085 412680
20.8251 413766
20.899 415214
20.9889 416662
21.0778 418110
21.168 419558
21.2579 421006
21.3484 422454
21.4327 423902
21.5237 425350
21.6145 426798
21.7057 428246
21.7947 429694
21.8863 431142
21.9779 432590
22.0698 434038
22.1402 435486
22.2325 436934
22.3249 438382
22.4174 439830
22.5101 441278
22.6031 442726
22.6962 444174
22.7895 445622
22.8828 447070
22.9765 448518
23.0704 449966
23.1644 451414
23.2584 452862
23.3529 454310
23.4475 455758
23.5421 457206
23.6369 458654
23.7321 460102
23.8274 461550
23.9228 462998
24.0183 464446
24.1142 465894
24.2102 467342
24.3064 468790
24.4026 470238
24.4992 471686
24.5959 473134
24.6928 474582
24.7896 476030
24.8869 477478
24.9842 478926
25.0818 480374
25.1794 481822
25.2773 483270
25.3751 484718
25.4732 486166
25.5715 487614
25.6701 489062
25.7687 490510
25.8675 491958
25.9663 493406
26.0654 494854
26.1646 496302
26.2641 497750
26.3637 499198
26.4635 500646
26.5632 502094
26.6633 503542
26.7635 504990
26.864 506438
26.9645 507886
27.0652 509334
27.1659 510782
27.267 512230
27.3682 513678
27.4696 515126
27.5711 516574
27.6728 518022
27.7744 519470
27.8764 520918
27.9786 522366
28.0809 523814
28.1834 525262
28.2861 526710
28.3887 528158
28.4917 529606
28.5948 531054
28.6981 532502
28.8015 533950
28.9051 535398
29.0087 536846
29.1126 538294
29.2167 539742
29.321 541190
29.4254 542638
29.53 544086
29.6346 545534
29.7396 546982
29.8447 548430
29.95 549878
30.0553 551326
30.1608 552774
30.2664 554222
30.3724 555670
30.4784 557118
30.5847 558566
30.6909 560014
30.7974 561462
30.904 562910
31.0109 564358
31.1179 565806
31.2252 567254
31.3324 568702
31.4398 570150
31.5473 571598
31.6552 573046
31.7631 574494
31.8714 575942
31.9795 577390
32.088 578838
32.1967 580286
32.3055 581734
32.4145 583182
32.5236 584630
32.6327 586078
32.7422 587526
32.8518 588974
32.9616 590422
33.0716 591870
33.1816 593318
33.2917 594766
33.4021 596214
33.5127 597662
33.6234 599110
33.7344 600558
33.8454 602006
33.9565 603454
34.068 604902
34.1795 606350
34.2914 607798
34.4032 609246
34.5152 610694
34.6273 612142
34.7397 613590
34.8522 615038
34.965 616486
35.0777 617934
35.1907 619382
35.3038 620830
35.4172 622278
35.5306 623726
35.6444 625174
35.7581 626622
35.8721 628070
35.9863 629518
36.1007 630966
36.2152 632414
36.3298 633862
36.4444 635310
36.5594 636758
36.6745 638206
36.7899 639654
36.9054 641102
37.021 642550
37.1367 643998
37.2528 645446
37.3688 646894
37.4853 648342
37.6016 649790
37.7181 651238
37.8348 648704
37.8349 647256
37.8351 646526
37.8352 645800
37.8353 645074
37.8354 644348
37.8355 643622
37.8357 642896
37.8358 642170
37.8359 640016
37.836 638568
37.8361 637120
37.8363 635672
37.8364 634224
37.8365 632776
37.8366 631328
37.8367 629880
37.8369 629060
37.837 626984
37.8371 625536
37.8372 624088
37.8373 622640
37.8375 621192
37.8376 619744
37.8377 618296
37.8378 616848
37.8379 615949
37.8381 613952
37.8382 612504
37.8383 611056
37.8384 609608
37.8385 608160
37.8387 606712
37.8388 605264
37.8389 603816
37.839 602838
37.8391 600920
37.8393 599472
37.8394 598024
37.8395 596576
37.8396 595128
37.8397 593680
37.8399 592232
37.84 590784
37.8401 589727
37.8402 587888
37.8403 586440
37.8405 584992
37.8406 583544
37.8407 582096
37.8408 580648
37.8409 579200
37.8411 577752
37.8412 576616
37.8413 574856
37.8414 573408
37.8415 571960
37.8417 570512
37.8418 569064
37.8419 567616
37.842 566168
37.8421 564720
37.8423 563505
37.8424 561824
37.8425 560376
37.8426 558928
37.8427 557480
37.8429 556032
37.843 554584
37.8431 553136
37.8432 551688
37.8433 550394
37.8435 548792
37.8436 547344
37.8437 545896
37.8438 544448
37.8439 543000
37.8441 541552
37.8442 540104
37.8443 538656
37.8444 537284
37.8445 535760
37.8447 534312
37.8448 532864
37.8449 531416
37.845 529968
37.8451 528520
37.8453 527072
37.8454 525624
37.8455 524176
37.8456 523447
37.8457 521280
37.8459 519832
37.846 518384
37.8461 516936
37.8462 515488
37.8464 514040
37.8465 512592
37.8466 511144
37.8467 510336
37.8468 508248
37.847 506800
37.8471 505352
37.8472 503904
37.8473 502456
37.8474 501008
37.8476 499560
37.8477 498112
37.8478 497225
37.8479 495216
37.848 493768
37.8482 492320
37.8483 490872
37.8484 489424
37.8485 487976
37.8486 486528
37.8488 485080
37.8489 484114
37.849 482184
37.8491 480736
37.8492 479288
37.8494 477840
37.8495 476392
37.8496 474944
37.8497 473496
37.8498 472048
37.85 471003
37.8501 469152
37.8502 467704
37.8503 466256
37.8504 464808
37.8506 463360
37.8507 461912
37.8508 460464
37.8509 459016
37.851 457892
37.8512 456120
37.8513 454672
37.8514 453224
37.8515 451776
37.8516 450328
37.8518 448880
37.8519 447432
37.852 445984
37.8521 444782
37.8522 443088
37.8524 441640
37.8525 440192
37.8526 438744
37.8527 437296
37.8528 435848
37.853 434400
37.8531 432952
37.8532 431671
37.8533 430056
37.8534 428608
37.8536 427160
37.8537 425712
37.8538 424264
37.8539 422816
37.854 421368
37.8542 419920
37.8543 418560
37.8544 417024
37.8545 415576
37.8546 414128
37.8548 412680
37.8549 411232
37.855 409784
37.8551 408336
37.8552 406888
37.8554 405449
37.8555 404723
37.8556 402544
37.8557 401096
37.8558 399648
37.856 398200
37.8561 396752
37.8562 395304
37.8563 393856
37.8564 392408
37.8566 391612
37.8567 389512
37.8568 388064
37.8569 386616
37.857 385168
37.8572 383720
37.8573 382272
37.8574 380824
37.8575 379376
37.8576 378501
37.8578 376480
37.8579 375032
37.858 373584
37.8581 372136
37.8582 370688
37.8584 369240
37.8585 367792
37.8586 366344
37.8587 365390
37.8588 363448
37.859 362000
37.8591 360552
37.8592 359104
37.8593 357656
37.8594 356208
37.8596 354760
37.8597 353312
37.8598 352279
37.8599 350416
37.86 348968
37.8602 347520
37.8603 346072
37.8604 344624
37.8605 343176
37.8606 341728
37.8608 340280
37.8609 339169
37.861 337384
37.8611 335936
37.8613 334488
37.8614 333040
37.8615 331592
37.8616 330144
37.8617 328696
37.8619 327248
37.862 326058
37.8621 325619
37.8622 324352
37.9519 325619
38.042 327067
38.132 328515
38.2221 329963
38.3123 331411
38.4029 332859
38.4935 334307
38.5845 335755
38.6753 337203
38.7664 338651
38.8576 340099
38.9492 341547
39.0407 342995
39.1327 344443
39.2245 345891
39.3166 347339
39.4089 348787
39.5014 350235
39.5941 351683
39.6868 353131
39.7796 354579
39.8727 356027
39.966 357475
40.0595 358923
40.1531 360371
40.2468 361819
40.3406 363267
40.4348 364715
40.529 366163
40.6236 367611
40.7181 369059
40.8127 370507
40.9075 371955
41.0027 373403
41.098 374851
41.1934 376299
41.2888 377747
41.3846 379195
41.4805 380643
41.5766 382091
41.6728 383539
41.7692 384987
41.8657 386435
41.9626 387883
42.0594 389331
42.1566 390779
42.2537 392227
42.351 393675
42.4485 395123
42.5463 396571
42.6442 398019
42.7423 399467
42.8403 400915
42.9387 402363
43.0373 403811
43.136 405259
43.2349 406707
43.3339 408155
43.4331 409603
43.5326 411051
43.6321 412499
43.7319 413947
43.8316 415395
43.9316 416843
44.0317 418291
44.1322 419739
44.2327 421187
44.3334 422635
44.4341 424083
44.5352 425531
44.6364 426979
44.7378 428427
44.8393 429875
44.941 431323
45.0427 432771
45.1449 434219
45.247 435667
45.3495 437115
45.4519 438563
45.5546 440011
45.6575 441459
45.7606 442907
45.8638 444355
45.9671 445803
46.0705 447251
46.1742 448699
46.278 450147
46.3822 451595
46.4862 453043
46.5905 454491
46.6949 455939
46.7997 457387
46.9046 458835
47.0096 460283
47.1147 461731
47.22 463179
47.3255 464627
47.4313 466075
47.5371 467523
47.6431 468971
47.7492 470419
47.8557 471867
47.9621 473315
48.069 474763
48.1757 476211
48.2827 477659
48.3899 479107
48.4973 480555
48.6049 482003
48.7125 483451
48.8203 484899
48.9285 486347
49.0366 487795
49.1451 489243
49.2535 490691
49.3621 492139
49.4709 493587
49.58 495035
49.6781 496483
49.7875 497931
49.8771 499379
49.9868 500827
50.0967 502275
50.2067 503723
50.316 505171
50.4263 506619
50.5367 508067
50.6475 509515
50.7578 510963
50.8049 508248
50.805 506800
50.8051 506070
50.8052 505343
50.8054 504617
50.8055 503891
50.8056 503164
50.8057 502438
50.8058 501712
50.806 500985
50.8061 500259
50.8062 498112
50.8063 496664
50.8064 495216
50.8066 493768
50.8067 492320
50.8068 490872
50.8069 489424
50.807 487976
50.8072 486528
50.8073 485080
50.8074 483891
50.8075 483165
50.8076 480736
50.8078 479288
50.8079 477840
50.808 476392
50.8081 474944
50.8083 473496
50.8084 472048
50.8085 470600
50.8086 469152
50.8087 467704
50.8089 466796
50.809 464808
50.8091 463360
50.8092 461912
50.8093 460464
50.8095 459016
50.8096 457568
50.8097 456120
50.8098 454672
50.8099 453224
50.8101 451776
50.8102 450428
50.8103 449702
50.8104 447432
50.8105 445984
50.8107 444536
50.8108 443088
50.8109 441640
50.811 440192
50.8111 438744
50.8113 437296
50.8114 435848
50.8115 434400
50.8116 433334
50.8117 432607
50.8119 430056
50.812 428608
50.8121 427160
50.8122 425712
50.8123 424264
50.8125 422816
50.8126 421368
50.8127 419920
50.8128 418472
50.8129 417024
50.8131 416239
50.8132 414128
50.8133 412680
50.8134 411232
50.8135 409784
50.8137 408336
50.8138 406888
50.8139 405440
50.814 403992
50.8141 402544
50.8143 401096
50.8144 399871
50.8145 399144
50.8146 396752
50.8147 395304
50.8149 393856
50.815 392408
50.8151 390960
50.8152 389512
50.8153 388064
50.8155 386616
50.8156 385168
50.8157 383720
50.8158 382776
50.8159 380824
50.8161 379376
50.8162 377928
50.8163 376480
50.8164 375032
50.8165 373584
50.8167 372136
50.8168 370688
50.8169 369240
50.817 367792
50.8171 366408
50.8173 365682
50.8174 363448
50.8175 362000
50.8176 360552
50.8177 359104
50.8179 357656
50.818 356208
50.8181 354760
50.8182 353312
50.8183 351864
50.8185 350416
50.8186 349313
50.8187 348587
50.8188 346072
50.8189 344624
50.8191 343176
50.8192 341728
50.8193 340280
50.8194 338832
50.8195 337384
50.8197 335936
50.8198 334488
50.8199 333040
50.82 332219
50.8201 330144
50.8203 328696
50.8204 327248
50.8205 325800
50.8206 324352
50.8207 322904
50.8209 321456
50.821 320008
50.8211 318560
50.8212 317112
50.8213 315851
50.8215 315124
50.8216 312768
50.8217 311320
50.8218 309872
50.8219 308424
50.8221 306976
50.8222 305528
50.8223 304080
50.8224 302632
50.8225 301184
50.8227 299736
50.8228 298756
50.8229 296840
50.823 295392
50.8231 293944
50.8233 292496
50.8234 291048
50.8235 289600
50.8236 288152
50.8238 286704
50.8239 285256
50.824 283808
50.8241 282388
50.8242 281662
50.8244 279464
50.8245 278016
50.8246 276568
50.8247 275120
50.8248 273672
50.825 272224
50.8251 270776
50.8252 269328
50.8253 267880
50.8254 266432
50.8256 265293
50.8257 264567
50.8258 262088
50.8259 260640
50.826 259192
50.8262 257744
50.8263 256296
50.8264 255481
50.8265 254848
50.916 255481
51.0062 256929
51.0962 258377
51.1865 259825
51.277 261273
51.3676 262721
51.4582 264169
51.5492 265617
51.6402 267065
51.7317 268513
51.823 269961
51.9146 271409
52.0062 272857
52.0983 274305
52.1904 275753
52.2827 277201
52.375 278649
52.4677 280097
52.5604 281545
52.6535 282993
52.7466 284441
52.8398 285889
52.9332 287337
53.0269 288785
53.1207 290233
53.2147 291681
53.3087 293129
53.403 294577
53.4974 296025
53.5922 297473
53.6869 298921
53.7818 300369
53.8769 301817
53.9723 303265
54.0678 304713
54.1635 306161
54.2591 307609
54.3551 309057
54.4513 310505
54.5477 311953
54.6441 313401
54.7407 314849
54.8375 316297
54.9345 317745
55.0318 319193
55.1291 320641
55.2265 322089
55.3243 323537
55.4222 324985
55.5203 326433
55.6184 327881
55.7168 329329
55.8153 330777
55.9141 332225
56.013 333673
56.112 335121
56.2111 336569
56.3106 338017
56.4101 339465
56.51 340913
56.6097 342361
56.7098 343809
56.81 345257
56.9106 346705
57.011 348153
57.1117 349601
57.2125 351049
57.3137 352497
57.415 353945
57.5164 355393
57.6178 356841
57.7196 358289
57.8215 359737
57.9238 361185
58.0259 362633
58.1284 364081
58.231 365529
58.3339 366977
58.4368 368425
58.5399 369873
58.6432 371321
58.7467 372769
58.8503 374217
58.9543 375665
59.0581 377113
59.1623 378561
59.2666 380009
59.3712 381457
59.4758 382905
59.5805 384353
59.6854 385801
59.7907 387249
59.8961 388697
59.907 386616
59.9071 385168
59.9072 384432
59.9074 383704
59.9075 382976
59.9076 382247
59.9077 381519
59.9078 380791
59.908 380063
59.9081 379335
59.9082 378606
59.9083 377878
59.9084 377150
59.9086 376422
59.9087 375694
59.9088 373584
59.9089 372136
59.909 370688
59.9092 369240
59.9093 367792
59.9094 366344
59.9095 364896
59.9096 363448
59.9098 362000
59.9099 360552
59.91 359104
59.9101 357656
59.9102 356208
59.9104 354760
59.9105 353785
59.9106 351864
59.9107 350416
59.9109 348968
59.911 347520
59.9111 346072
59.9112 344624
59.9113 343176
59.9115 341728
59.9116 340280
59.9117 338832
59.9118 337384
59.9119 335936
59.9121 334488
59.9122 333040
59.9123 331876
59.9124 330144
59.9125 328696
59.9127 327248
59.9128 325800
59.9129 324352
59.913 322904
59.9131 321456
59.9133 320008
59.9134 318560
59.9135 317112
59.9136 315664
59.9137 314216
59.9139 312768
59.914 311320
59.9141 309968
59.9142 309240
59.9143 306976
59.9145 305528
59.9146 304080
59.9147 302632
59.9148 301184
59.9149 299736
59.9151 298288
59.9152 296840
59.9153 295392
59.9154 293944
59.9155 292496
59.9157 291048
59.9158 289600
59.9159 288152
59.916 287331
59.9161 285256
59.9163 283808
59.9164 282360
59.9165 280912
59.9166 279464
59.9167 278016
59.9169 276568
59.917 275120
59.9171 273672
59.9172 272224
59.9173 270776
59.9175 269328
59.9176 267880
59.9177 266432
59.9178 265422
59.9179 263536
59.9181 262088
59.9182 260640
59.9183 259192
59.9184 257744
59.9185 256296
59.9187 254848
59.9188 253400
59.9189 251952
59.919 250504
59.9191 249056
59.9193 247608
59.9194 246160
59.9195 244712
59.9196 243514
59.9197 241816
59.9199 240368
59.92 238920
59.9201 237472
59.9202 236024
59.9203 234576
59.9205 233128
59.9206 231680
59.9207 230232
59.9208 228784
59.9209 227336
59.9211 225888
59.9212 224440
59.9213 222992
59.9214 221605
59.9215 220877
59.9217 218648
59.9218 217200
59.9219 215752
59.9516 214304
59.9517 212856
59.9518 211408
59.9519 209960
59.9521 208512
59.9522 207064
59.9523 205616
59.9524 204168
59.9552 202720
59.9553 201272
59.9554 199824
59.9556 198969
59.9557 196928
59.9558 195480
59.9559 194348
59.956 194032
