0.23231 30408
0.232791 33304
0.233031 36200
0.233632 39096
0.233872 41992
0.234473 44888
0.234714 47784
0.235314 50680
0.235555 53576
0.27646 56472
0.2767 59368
0.277301 62264
0.277541 65160
0.277781 68056
0.278022 70952
0.278983 73848
0.279223 76744
0.279464 79640
0.279704 82536
0.280305 85432
0.280545 88328
0.280785 91224
0.281026 94120
0.281987 97016
0.282227 99912
0.282468 102808
0.282708 105704
0.320609 108600
0.320849 111496
0.32109 114392
0.32133 117288
0.322291 120184
0.322532 123080
0.322772 125976
0.323012 128872
0.323253 131768
0.323493 134664
0.323733 137560
0.323974 140456
0.325295 143352
0.325536 146248
0.325776 149144
0.326016 152040
0.326257 154936
0.326497 157832
0.326737 160728
0.326978 163624
0.327578 166520
0.327819 169416
0.328059 172312
0.328299 175208
0.32854 178104
0.32878 181000
0.32902 183896
0.329261 186792
0.330582 189688
0.330823 192584
0.331063 195480
0.331303 198376
0.331544 201272
0.331784 204168
0.332024 207064
0.332265 209960
0.364758 212856
0.364999 215752
0.365239 218648
0.365479 221544
0.36572 224440
0.36596 227336
0.3662 230232
0.366441 233128
0.367762 236024
0.368003 238920
0.368243 241816
0.368483 244712
0.368724 247608
0.368964 250504
0.369204 253400
0.369445 256296
0.369685 259192
0.369925 262088
0.370166 264984
0.370406 267880
0.370646 270776
0.370887 273672
0.371127 276568
0.371367 279464
0.373049 282360
0.37329 285256
0.37353 288152
0.37377 291048
0.374011 293944
0.374251 296840
0.374491 299736
0.374732 302632
0.374972 305528
0.375212 308424
0.375453 311320
0.375693 314216
0.375933 317112
0.376174 320008
0.376414 322904
0.376654 325800
0.377616 328696
0.377856 331592
0.378096 334488
0.378337 337384
0.378577 340280
0.378817 343176
0.379057 346072
0.379298 348968
0.379538 351864
0.379778 354760
0.380019 357656
0.380259 360552
0.380499 363448
0.38074 366344
0.38098 369240
0.38122 372136
0.382903 375032
0.383143 377928
0.383383 380824
0.383624 383720
0.383864 386616
0.384104 389512
0.384345 392408
0.384585 395304
0.384825 398200
0.385065 401096
0.385306 403992
0.385546 406888
0.385786 409784
0.386027 412680
0.386267 415576
0.386507 418472
0.408908 421368
0.409148 424264
0.409388 427160
0.409629 430056
0.409869 432952
0.410109 435848
0.41035 438744
0.41059 441640
0.41083 444536
0.411071 447432
0.411311 450328
0.411551 453224
0.411792 456120
0.412032 459016
0.412272 461912
0.412513 464808
0.414555 467704
0.414796 470600
0.415036 473496
0.415276 476392
0.415517 479288
0.415757 482184
0.415997 485080
0.416238 487976
0.416478 490872
0.416718 493768
0.416959 496664
0.417199 499560
0.417439 502456
0.41768 505352
0.41792 508248
0.41816 511144
0.4184 514040
0.418641 516936
0.418881 519832
0.419121 522728
0.419362 525624
0.419602 528520
0.419842 531416
0.420083 534312
0.420323 537208
0.420563 540104
0.420804 543000
0.421044 545896
0.421284 548792
0.421525 551688
0.421765 554584
0.422005 557480
0.424408 560376
0.424649 563272
0.424889 566168
0.425129 569064
0.42537 571960
0.42561 574856
0.42585 577752
0.426091 580648
0.426331 583544
0.426571 586440
0.426812 589336
0.427052 592232
0.427292 595128
0.427533 598024
0.427773 600920
0.428013 603816
0.428254 606712
0.428494 609608
0.428734 612504
0.428975 615400
0.429215 618296
0.429455 621192
0.429696 624088
0.429936 626984
0.430176 629880
0.430416 632776
0.430657 635672
0.430897 638568
0.431137 641464
0.431378 644360
0.431618 647256
0.431858 650152
0.43318 653048
0.43342 655944
0.433661 658840
0.433901 661736
0.434141 664632
0.434382 667528
0.434622 670424
0.434862 673320
0.435103 676216
0.435343 679112
0.435583 682008
0.435824 684904
0.436064 687800
0.436304 690696
0.436545 693592
0.436785 696488
0.437025 699384
0.437266 702280
0.437506 705176
0.437746 708072
0.437987 710968
0.438227 713864
0.438467 716760
0.438708 719656
0.438948 722552
0.439188 725448
0.439428 728344
0.439669 731240
0.439909 734136
0.440149 737032
0.44039 739928
0.44063 742824
0.443033 745720
0.443274 748616
0.443514 751512
0.443754 754408
0.443995 757304
0.444235 760200
0.444475 763096
0.444716 765992
0.444956 768888
0.445196 771784
0.445436 774680
0.445677 777576
0.445917 780472
0.446157 783368
0.446398 786264
0.446638 789160
0.446878 792056
0.447119 794952
0.447359 797848
0.447599 800744
0.44784 803640
0.44808 806536
0.44832 809432
0.448561 812328
0.448801 815224
0.449041 818120
0.449282 821016
0.449522 823912
0.449762 826808
0.450003 829704
0.450243 832600
0.450483 835496
0.453057 838392
0.453298 841288
0.453538 844184
0.453778 847080
0.454018 849976
0.454259 852872
0.454499 855768
0.454739 858664
0.45498 861560
0.45522 864456
0.45546 867352
0.455701 870248
0.455941 873144
0.456181 876040
0.456422 878936
0.456662 881832
0.456902 884728
0.457143 887624
0.457383 890520
0.457623 893416
0.457864 896312
0.458104 899208
0.458344 902104
0.458585 905000
0.458825 907896
0.459065 910792
0.459306 913688
0.459546 916584
0.459786 919480
0.460026 922376
0.460267 925272
0.460507 928168
0.463631 931064
0.463872 933960
0.464112 936856
0.464352 939752
0.464593 942648
0.464833 945544
0.465073 948440
0.465314 951336
0.465554 954232
0.465794 957128
0.466034 960024
0.466275 962920
0.466515 965816
0.466755 968712
0.466996 971608
0.467236 974504
0.467476 977400
0.467717 980296
0.467957 983192
0.468197 986088
0.468438 988984
0.468678 991880
0.468918 994776
0.469159 997672
0.469399 1000568
0.469639 1003464
0.46988 1006360
0.47012 1009256
0.47036 1012152
0.470601 1015048
0.470841 1017944
0.471081 1020840
0.471322 1023736
0.471562 1026632
0.471802 1029528
0.472042 1032424
0.472283 1035320
0.472523 1038216
0.472763 1041112
0.473004 1044008
0.473244 1046904
0.473484 1049800
0.473725 1052696
0.473965 1055592
0.474205 1058488
0.474446 1061384
0.474686 1064280
0.474926 1067176
0.475167 1070072
0.475407 1072968
0.475647 1075864
0.475888 1078760
0.476128 1081656
0.476368 1084552
0.476609 1087448
0.476849 1090344
0.477089 1093240
0.47733 1096136
0.47757 1099032
0.47781 1101928
0.47805 1104824
0.478291 1107720
0.478531 1110616
0.478771 1113512
0.482256 1116408
0.482496 1119304
0.482737 1122200
0.482977 1125096
0.483217 1127992
0.483458 1130888
0.483698 1133784
0.483938 1136680
0.484179 1139576
0.484419 1142472
0.484659 1145368
0.4849 1148264
0.48514 1151160
0.48538 1154056
0.485621 1156952
0.485861 1159848
0.486101 1162744
0.486342 1165640
0.486582 1168536
0.486822 1171432
0.487062 1174328
0.487303 1177224
0.487543 1180120
0.487783 1183016
0.488024 1185912
0.488264 1188808
0.488504 1191704
0.488745 1194600
0.488985 1197496
0.489225 1200392
0.489466 1203288
0.489706 1206184
0.489946 1209080
0.490187 1211976
0.490427 1214872
0.490667 1217768
0.490908 1220664
0.491148 1223560
0.491388 1226456
0.491629 1229352
0.491869 1232248
0.492109 1235144
0.49235 1238040
0.49259 1240936
0.49283 1243832
0.49307 1246728
0.493311 1249624
0.493551 1252520
0.493791 1255416
0.494032 1258312
0.494272 1261208
0.494512 1264104
0.494753 1267000
0.494993 1269896
0.495233 1272792
0.495474 1275688
0.495714 1278584
0.495954 1281480
0.496195 1284376
0.496435 1287272
0.496675 1290168
0.496916 1293064
0.497156 1295960
0.497396 1298856
0.499078 1301752
0.499319 1304648
0.499559 1307544
0.499799 1310440
0.50004 1313336
0.50028 1316232
0.50052 1319128
0.500761 1322024
0.501001 1324920
0.501241 1327816
0.501482 1330712
0.501722 1333608
0.501962 1336504
0.502203 1339400
0.502443 1342296
0.502683 1345192
0.502924 1348088
0.503164 1350984
0.503404 1353880
0.503645 1356776
0.503885 1359672
0.504125 1362568
0.504366 1365464
0.504606 1368360
0.504846 1371256
0.505086 1374152
0.505327 1377048
0.505567 1379944
0.505807 1382840
0.506048 1385736
0.506288 1388632
0.506528 1391528
0.506769 1394424
0.507009 1397320
0.507249 1400216
0.50749 1403112
0.50773 1406008
0.50797 1408904
0.508211 1411800
0.508451 1414696
0.508691 1417592
0.508932 1420488
0.509172 1423384
0.509412 1426280
0.509653 1429176
0.509893 1432072
0.510133 1434968
0.510374 1437864
0.510614 1440760
0.510854 1443656
0.511094 1446552
0.511335 1449448
0.511575 1452344
0.511815 1455240
0.512056 1458136
0.512296 1461032
0.512536 1463928
0.512777 1466824
0.513017 1469720
0.513257 1472616
0.513498 1475512
0.513738 1478408
0.513978 1481304
0.514219 1484200
0.517703 1487096
0.517944 1489992
0.518184 1492888
0.518424 1495784
0.518665 1498680
0.518905 1501576
0.519145 1504472
0.519386 1507368
0.519626 1510264
0.519866 1513160
0.520106 1516056
0.520347 1518952
0.520587 1521848
0.520827 1524744
0.521068 1527640
0.521308 1530536
0.521548 1533432
0.521789 1536328
0.522029 1539224
0.522269 1542120
0.52251 1545016
0.52275 1547912
0.52299 1550808
0.523231 1553704
0.523471 1556600
0.523711 1559496
0.523952 1562392
0.524192 1565288
0.524432 1568184
0.524673 1571080
0.524913 1573976
0.525153 1576872
0.525394 1579768
0.525634 1582664
0.525874 1585560
0.526114 1588456
0.526355 1591352
0.526595 1594248
0.526835 1597144
0.527076 1600040
0.527316 1602936
0.527556 1605832
0.527797 1608728
0.528037 1611624
0.528277 1614520
0.528518 1617416
0.528758 1620312
0.528998 1623208
0.529239 1626104
0.529479 1629000
0.529719 1631896
0.52996 1634792
0.5302 1637688
0.53044 1640584
0.530681 1643480
0.530921 1646376
0.531161 1649272
0.531402 1652168
0.531642 1655064
0.531882 1657960
0.532122 1660856
0.532363 1663752
0.532603 1666648
0.532843 1669544
0.535247 1672440
0.535487 1675336
0.535727 1678232
0.535968 1681128
0.536208 1684024
0.536448 1686920
0.536689 1689816
0.536929 1692712
0.537169 1695608
0.53741 1698504
0.53765 1701400
0.53789 1704296
0.53813 1707192
0.538371 1710088
0.538611 1712984
0.538851 1715880
0.539092 1718776
0.539332 1721672
0.539572 1724568
0.539813 1727464
0.540053 1730360
0.540293 1733256
0.540534 1736152
0.540774 1739048
0.541014 1741944
0.541255 1744840
0.541495 1747736
0.541735 1750632
0.541976 1753528
0.542216 1756424
0.542456 1759320
0.542697 1762216
0.542937 1765112
0.543177 1768008
0.543418 1770904
0.543658 1773800
0.543898 1776696
0.544138 1779592
0.544379 1782488
0.544619 1785384
0.544859 1788280
0.5451 1791176
0.54534 1794072
0.54558 1796968
0.545821 1799864
0.546061 1802760
0.546301 1805656
0.546542 1808552
0.546782 1811448
0.547022 1814344
0.547263 1817240
0.547503 1820136
0.547743 1823032
0.547984 1825928
0.548224 1828824
0.548464 1831720
0.548705 1834616
0.548945 1837512
0.549185 1840408
0.549426 1843304
0.549666 1846200
0.549906 1849096
0.550146 1851992
0.550387 1854888
0.554953 1857784
0.555193 1860680
0.555434 1863576
0.555674 1866472
0.555914 1869368
0.556154 1872264
0.556395 1875160
0.556635 1878056
0.556875 1880952
0.557116 1883848
0.557356 1886744
0.557596 1889640
0.557837 1892536
0.558077 1895432
0.558317 1898328
0.558558 1901224
0.558798 1904120
0.559038 1907016
0.559279 1909912
0.559519 1912808
0.559759 1915704
0.56 1918600
0.56024 1921496
0.56048 1924392
0.560721 1927288
0.560961 1930184
0.561201 1933080
0.561442 1935976
0.561682 1938872
0.561922 1941768
0.562162 1944664
0.562403 1947560
0.562643 1950456
0.562883 1953352
0.563124 1956248
0.563364 1959144
0.563604 1962040
0.563845 1964936
0.564085 1967832
0.564325 1970728
0.564566 1973624
0.564806 1976520
0.565046 1979416
0.565287 1982312
0.565527 1985208
0.565767 1988104
0.566008 1991000
0.566248 1993896
0.566488 1996792
0.566729 1999688
0.566969 2002584
0.567209 2005480
0.56745 2008376
0.56769 2011272
0.56793 2014168
0.56817 2017064
0.568411 2019960
0.568651 2022856
0.568891 2025752
0.569132 2028648
0.569372 2031544
0.569612 2034440
0.569853 2037336
0.570093 2040232
0.570333 2043128
0.570574 2046024
0.570814 2048920
0.571054 2051816
0.571295 2054712
0.571535 2057608
0.571775 2060504
0.572016 2063400
0.572256 2066296
0.572496 2069192
0.572737 2072088
0.572977 2074984
0.573217 2077880
0.573458 2080776
0.573698 2083672
0.573938 2086568
0.574178 2089464
0.574419 2092360
0.574659 2095256
0.574899 2098152
0.57514 2101048
0.57538 2103944
0.57562 2106840
0.575861 2109736
0.576101 2112632
0.576341 2115528
0.576582 2118424
0.576822 2121320
0.577062 2124216
0.577303 2127112
0.577543 2130008
0.577783 2132904
0.578024 2135800
0.578264 2138696
0.578504 2141592
0.578745 2144488
0.578985 2147384
0.579225 2150280
0.579466 2153176
0.579706 2156072
0.579946 2158968
0.580186 2161864
0.580427 2164760
0.580667 2167656
0.580907 2170552
0.581148 2173448
0.581388 2176344
0.581628 2179240
0.581869 2182136
0.582109 2185032
0.582349 2187928
0.58259 2190824
0.58283 2193720
0.58307 2196616
0.583311 2199512
0.583551 2202408
0.583791 2205304
0.584032 2208200
0.584272 2211096
0.584512 2213992
0.584753 2216888
0.584993 2219784
0.585233 2222680
0.585474 2225576
0.590761 2228472
0.591001 2231368
0.591241 2234264
0.591482 2237160
0.591722 2240056
0.591962 2242952
0.592202 2245848
0.592443 2248744
0.592683 2251640
0.592923 2254536
0.593164 2257432
0.593404 2260328
0.593644 2263224
0.593885 2266120
0.594125 2269016
0.594365 2271912
0.594606 2274808
0.594846 2277704
0.595086 2280600
0.595327 2283496
0.595567 2286392
0.595807 2289288
0.596048 2292184
0.596288 2295080
0.596528 2297976
0.596769 2300872
0.597009 2303768
0.597249 2306664
0.59749 2309560
0.59773 2312456
0.59797 2315352
0.59821 2318248
0.598451 2321144
0.598691 2324040
0.598931 2326936
0.599172 2329832
0.599412 2332728
0.599652 2335624
0.599893 2338520
0.600133 2341416
0.600373 2344312
0.600614 2347208
0.600854 2350104
0.601094 2353000
0.601335 2355896
0.601575 2358792
0.601815 2361688
0.602056 2364584
0.602296 2367480
0.602536 2370376
0.602777 2373272
0.603017 2376168
0.603257 2379064
0.603498 2381960
0.603738 2384856
0.603978 2387752
0.604218 2390648
0.604459 2393544
0.604699 2396440
0.604939 2399336
0.60518 2402232
0.60542 2405128
0.60566 2408024
0.605901 2410920
0.606141 2413816
0.606381 2416712
0.606622 2419608
0.606862 2422504
0.607102 2425400
0.607343 2428296
0.607583 2431192
0.607823 2434088
0.608064 2436984
0.608304 2439880
0.608544 2442776
0.608785 2445672
0.609025 2448568
0.609265 2451464
0.609506 2454360
0.609746 2457256
0.609986 2460152
0.610226 2463048
0.610467 2465944
0.610707 2468840
0.610947 2471736
0.611188 2474632
0.611428 2477528
0.611668 2480424
0.611909 2483320
0.612149 2486216
0.612389 2489112
0.61263 2492008
0.61287 2494904
0.61311 2497800
0.613351 2500696
0.613591 2503592
0.613831 2506488
0.614072 2509384
0.614312 2512280
0.614552 2515176
0.614793 2518072
0.615033 2520968
0.615273 2523864
0.615514 2526760
0.615754 2529656
0.615994 2532552
0.616234 2535448
0.616475 2538344
0.616715 2541240
0.616955 2544136
0.617196 2547032
0.617436 2549928
0.617676 2552824
0.617917 2555720
0.618157 2558616
0.618397 2561512
0.618638 2564408
0.618878 2567304
0.619118 2570200
0.619359 2573096
0.619599 2575992
0.619839 2578888
0.62008 2581784
0.62032 2584680
0.62056 2587576
0.620801 2590472
0.621041 2593368
0.621281 2596264
0.623084 2599160
0.623446 2594816
0.623566 2593368
0.623687 2589024
0.623807 2587576
0.623927 2583232
0.624047 2581784
0.624167 2577440
0.624288 2576039
0.624408 2571648
0.624528 2570200
0.624648 2565856
0.624768 2564408
0.624888 2560219
0.625008 2558616
0.625129 2554272
0.625249 2552824
0.625369 2548480
0.625489 2547032
0.625609 2542688
0.625729 2541240
0.62585 2536896
0.62597 2535448
0.62609 2531104
0.62621 2529656
0.62633 2525312
0.62645 2523971
0.626571 2519520
0.626691 2518072
0.626811 2513728
0.626931 2512280
0.627051 2507936
0.627171 2506488
0.627292 2502144
0.627412 2500696
0.627532 2496352
0.627652 2494904
0.627772 2490560
0.627892 2489112
0.628012 2484827
0.628133 2483320
0.628253 2478976
0.628373 2477528
0.628493 2473184
0.628613 2471904
0.628733 2467392
0.628854 2465944
0.628974 2461600
0.629094 2460152
0.629214 2455808
0.629334 2454360
0.629454 2450016
0.629575 2448579
0.629695 2444224
0.629815 2442776
0.629935 2438432
0.630055 2436984
0.630175 2432760
0.630296 2431192
0.630416 2426848
0.630536 2425400
0.630656 2421056
0.630776 2419608
0.630896 2415264
0.631016 2413816
0.631137 2409472
0.631257 2408024
0.631377 2403680
0.631497 2402232
0.631617 2397888
0.631737 2396512
0.631858 2392096
0.631978 2390648
0.632098 2386304
0.632218 2384856
0.632338 2380692
0.632458 2379064
0.632579 2374720
0.632699 2373272
0.632819 2368928
0.632939 2367480
0.633059 2363136
0.633179 2361688
0.6333 2357368
0.63342 2355896
0.63354 2351552
0.63366 2350104
0.63378 2345760
0.6339 2344444
0.63402 2339968
0.634141 2338520
0.634261 2334176
0.634381 2332728
0.634501 2328384
0.634621 2326936
0.634741 2322592
0.634862 2321144
0.634982 2316800
0.635102 2315352
0.635222 2311008
0.635342 2309560
0.635462 2305301
0.635583 2303768
0.635703 2299424
0.635823 2297976
0.635943 2293632
0.636063 2292377
0.636183 2287840
0.636304 2286392
0.636424 2282048
0.636544 2280600
0.636664 2276256
0.636784 2274808
0.636904 2270464
0.637024 2269053
0.637145 2264672
0.637265 2263224
0.637385 2258880
0.637505 2257432
0.637625 2253233
0.637745 2251640
0.637866 2247296
0.637986 2245848
0.638106 2241504
0.638226 2240056
0.641591 2235712
0.641711 2234264
0.641831 2229920
0.641951 2228472
0.642071 2224128
0.642191 2222680
0.642312 2218336
0.642432 2216985
0.642552 2212544
0.642672 2211096
0.642792 2206752
0.642912 2205304
0.643032 2200960
0.643153 2199512
0.643273 2195168
0.643393 2193720
0.643513 2189376
0.643633 2187928
0.643753 2183584
0.643874 2182136
0.643994 2177841
0.644114 2176344
0.644234 2172000
0.644354 2170552
0.644474 2166208
0.644595 2164918
0.644715 2160416
0.644835 2158968
0.644955 2154624
0.645075 2153176
0.645195 2148832
0.645316 2147384
0.645436 2143040
0.645556 2141593
0.645676 2137248
0.645796 2135800
0.645916 2131456
0.646036 2130008
0.646157 2125774
0.646277 2124216
0.646397 2119872
0.646517 2118424
0.646637 2114080
0.646757 2112632
0.646878 2108288
0.646998 2106840
0.647118 2102496
0.647238 2101048
0.647358 2096704
0.647478 2095256
0.647599 2090912
0.647719 2089526
0.647839 2085120
0.647959 2083672
0.648079 2079328
0.648199 2077880
0.64832 2073706
0.64844 2072088
0.64856 2067744
0.64868 2066296
0.6488 2061952
0.64892 2060504
0.64904 2056160
0.649161 2054712
0.649281 2050382
0.649401 2048920
0.649521 2044576
0.649641 2043128
0.649761 2038784
0.649882 2037458
0.650002 2032992
0.650122 2031544
0.650242 2027200
0.650362 2025752
0.650482 2021408
0.650603 2019960
0.650723 2015616
0.650843 2014168
0.650963 2009824
0.651083 2008376
0.651203 2004032
0.651324 2002584
0.651444 1998315
0.651564 1996792
0.651684 1992448
0.651804 1991000
0.651924 1986656
0.652044 1985391
0.652165 1980864
0.652285 1979416
0.652405 1975072
0.652525 1973624
0.652645 1969280
0.652765 1967832
0.652886 1963488
0.653006 1962067
0.653126 1957696
0.653246 1956248
0.653366 1951904
0.653486 1950456
0.653607 1946247
0.653727 1944664
0.653847 1940320
0.653967 1938872
0.654087 1934528
0.654207 1933080
0.654328 1928736
0.654448 1927288
0.654568 1922944
0.654688 1921496
0.654808 1917152
0.654928 1915704
0.655048 1911360
0.655169 1909999
0.655289 1905568
0.655409 1904120
0.655529 1899776
0.655649 1898328
0.655769 1894180
0.65589 1892536
0.65601 1888192
0.65613 1886744
0.65625 1882400
0.65637 1880952
0.65649 1876608
0.656611 1875160
0.656731 1870855
0.656851 1869368
0.659134 1865024
0.659254 1863576
0.659374 1859232
0.659494 1857932
0.659615 1853440
0.659735 1851992
0.659855 1847648
0.659975 1846200
0.660095 1841856
0.660215 1840408
0.660336 1836064
0.660456 1834616
0.660576 1830272
0.660696 1828824
0.660816 1824480
0.660936 1823032
0.661056 1818688
0.661297 1815792
0.661537 1812896
0.661777 1810000
0.662018 1807104
0.662258 1804208
0.662498 1801312
0.662739 1798416
0.662979 1795520
0.663219 1792624
0.66346 1789728
0.6637 1786832
0.66394 1783936
0.664181 1781040
0.664421 1778144
0.664661 1775248
0.664902 1772352
0.665142 1769456
0.665382 1766560
0.665623 1763664
0.665863 1760768
0.666103 1757872
0.666344 1754976
0.666584 1752080
0.666824 1749184
0.667064 1746288
0.667305 1743392
0.667545 1740496
0.667785 1737600
0.668026 1734704
0.668266 1731808
0.668506 1728912
0.668747 1726016
0.668987 1723120
0.669227 1720224
0.669468 1717328
0.669708 1714432
0.669948 1711536
0.670189 1708640
0.670429 1705744
0.670669 1702848
0.67091 1699952
0.67115 1697056
0.67139 1694160
0.671631 1691264
0.671871 1688368
0.672111 1685472
0.672352 1682576
0.672592 1679680
0.672832 1676784
0.673072 1673888
0.673313 1670992
0.673553 1668096
0.673793 1665200
0.674034 1662304
0.674274 1659408
0.67884 1656512
0.67908 1653616
0.679321 1650720
0.679561 1647824
0.679801 1644928
0.680042 1642032
0.680282 1639136
0.680522 1636240
0.680763 1633344
0.681003 1630448
0.681243 1627552
0.681484 1624656
0.681724 1621760
0.681964 1618864
0.682205 1615968
0.682445 1613072
0.682685 1610176
0.682926 1607280
0.683166 1604384
0.683406 1601488
0.683647 1598592
0.683887 1595696
0.684127 1592800
0.684368 1589904
0.684608 1587008
0.684848 1584112
0.685088 1581216
0.685329 1578320
0.685569 1575424
0.685809 1572528
0.68605 1569632
0.68629 1566736
0.68653 1563840
0.686771 1560944
0.687011 1558048
0.687251 1555152
0.687492 1552256
0.687732 1549360
0.687972 1546464
0.688213 1543568
0.688453 1540672
0.688693 1537776
0.688934 1534880
0.689174 1531984
0.689414 1529088
0.689655 1526192
0.689895 1523296
0.690135 1520400
0.690376 1517504
0.690616 1514608
0.690856 1511712
0.691096 1508816
0.691337 1505920
0.691577 1503024
0.691817 1500128
0.692058 1497232
0.692298 1494336
0.692538 1491440
0.692779 1488544
0.693019 1485648
0.693259 1482752
0.6935 1479856
0.69374 1476960
0.69398 1474064
0.694221 1471168
0.694461 1468272
0.694701 1465376
0.694942 1462480
0.695182 1459584
0.695422 1456688
0.695663 1453792
0.695903 1450896
0.696143 1448000
0.696384 1445104
0.696624 1442208
0.696864 1439312
0.697104 1436416
0.697345 1433520
0.697585 1430624
0.697825 1427728
0.698066 1424832
0.698306 1421936
0.698546 1419040
0.698787 1416144
0.699027 1413248
0.699267 1410352
0.699508 1407456
0.699748 1404560
0.699988 1401664
0.700229 1398768
0.700469 1395872
0.700709 1392976
0.70095 1390080
0.70119 1387184
0.70143 1384288
0.701671 1381392
0.701911 1378496
0.702151 1375600
0.702392 1372704
0.702632 1369808
0.702872 1366912
0.703112 1364016
0.703353 1361120
0.703593 1358224
0.703833 1355328
0.704074 1352432
0.704314 1349536
0.704554 1346640
0.704795 1343744
0.705035 1340848
0.705275 1337952
0.705516 1335056
0.705756 1332160
0.705996 1329264
0.706237 1326368
0.706477 1323472
0.706717 1320576
0.706958 1317680
0.707198 1314784
0.707438 1311888
0.707679 1308992
0.707919 1306096
0.708159 1303200
0.7084 1300304
0.70864 1297408
0.70888 1294512
0.70912 1291616
0.709361 1288720
0.714648 1285824
0.714888 1282928
0.715128 1280032
0.715369 1277136
0.715609 1274240
0.715849 1271344
0.71609 1268448
0.71633 1265552
0.71657 1262656
0.716811 1259760
0.717051 1256864
0.717291 1253968
0.717532 1251072
0.717772 1248176
0.718012 1245280
0.718253 1242384
0.718493 1239488
0.718733 1236592
0.718974 1233696
0.719214 1230800
0.719454 1227904
0.719695 1225008
0.719935 1222112
0.720175 1219216
0.720416 1216320
0.720656 1213424
0.720896 1210528
0.721136 1207632
0.721377 1204736
0.721617 1201840
0.721857 1198944
0.722098 1196048
0.722338 1193152
0.722578 1190256
0.722819 1187360
0.723059 1184464
0.723299 1181568
0.72354 1178672
0.72378 1175776
0.72402 1172880
0.724261 1169984
0.724501 1167088
0.724741 1164192
0.724982 1161296
0.725222 1158400
0.725462 1155504
0.725703 1152608
0.725943 1149712
0.726183 1146816
0.726424 1143920
0.726664 1141024
0.726904 1138128
0.727144 1135232
0.727385 1132336
0.727625 1129440
0.727865 1126544
0.728106 1123648
0.728346 1120752
0.728586 1117856
0.728827 1114960
0.729067 1112064
0.729307 1109168
0.729548 1106272
0.729788 1103376
0.730028 1100480
0.730269 1097584
0.730509 1094688
0.730749 1091792
0.73099 1088896
0.73123 1086000
0.73147 1083104
0.731711 1080208
0.731951 1077312
0.732191 1074416
0.732432 1071520
0.732672 1068624
0.732912 1065728
0.733152 1062832
0.733393 1059936
0.733633 1057040
0.733873 1054144
0.734114 1051248
0.734354 1048352
0.734594 1045456
0.734835 1042560
0.735075 1039664
0.735315 1036768
0.735556 1033872
0.735796 1030976
0.736036 1028080
0.736277 1025184
0.736517 1022288
0.736757 1019392
0.736998 1016496
0.737238 1013600
0.737478 1010704
0.737719 1007808
0.737959 1004912
0.738199 1002016
0.73844 999120
0.73868 996224
0.73892 993328
0.73916 990432
0.739401 987536
0.739641 984640
0.739881 981744
0.740122 978848
0.740362 975952
0.740602 973056
0.740843 970160
0.741083 967264
0.741323 964368
0.741564 961472
0.741804 958576
0.742044 955680
0.742285 952784
0.742525 949888
0.742765 946992
0.743006 944096
0.743246 941200
0.743486 938304
0.743727 935408
0.743967 932512
0.744207 929616
0.744448 926720
0.744688 923824
0.744928 920928
0.745168 918032
0.74661 915136
0.746851 912240
0.747331 1301752
0.748293 1303200
0.748413 1301752
0.748533 1303200
0.748653 1301752
0.748773 1303200
0.748893 1301752
0.749014 1303200
0.749134 1301752
0.749254 1303200
0.749374 1301752
0.749494 1303200
0.749614 1301752
0.749735 1303200
0.749855 1301752
0.749975 1303200
0.750095 1301752
0.750215 1303200
0.750335 1301752
0.750456 1303200
0.750576 1301752
0.750696 1303200
0.750816 1301752
0.750936 1303200
0.751056 1301752
0.751176 1303200
0.751297 1301752
0.751417 1303200
0.751537 1301752
0.751657 1303200
0.751777 1301752
0.751897 1303200
0.752018 1301752
0.752138 1303200
0.752258 1301752
0.752378 1303200
0.752498 1301752
0.752618 1303200
0.752739 1301752
0.752859 1303200
0.752979 1301752
0.753099 1303200
0.753219 1301752
0.753339 1303200
0.75346 1301752
0.75358 1303200
0.7537 1301752
0.75382 1303200
0.75394 1301752
0.75406 1303200
0.75418 1301752
0.754301 1303200
0.754421 1301752
0.754541 1303200
0.754661 1301752
0.754781 1303200
0.754901 1301752
0.755022 1303200
0.755142 1301752
0.755262 1303200
0.755382 1301752
0.755502 1303200
0.755622 1301752
0.755743 1303200
0.755863 1301752
0.755983 1303200
0.756103 1301752
0.756223 1303200
0.756343 1301752
0.756464 1303200
0.756584 1301752
0.756704 1303200
0.756824 1301752
0.756944 1303200
0.757064 1301752
0.757184 1303200
0.757305 1301752
0.757425 1303200
0.757545 1301752
0.757665 1303200
0.757785 1301752
0.757905 1303200
0.758026 1301752
0.758146 1303200
0.758266 1301752
0.758386 1303200
0.758506 1301752
0.758626 1303200
0.758747 1301752
0.758867 1303200
0.758987 1301752
0.759107 1303200
0.759227 1301752
0.759347 1303200
0.759468 1301752
0.759588 1303200
0.759708 1301752
0.759828 1303200
0.759948 1301752
0.760068 1303200
0.760188 1301752
0.760309 1303200
0.760429 1301752
0.760549 1303200
0.760669 1301752
0.760789 1303200
0.760909 1301752
0.76103 1303200
0.76115 1301752
0.76127 1303200
0.76139 1301752
0.76151 1303200
0.762952 1301752
0.763072 1303200
0.763192 1301752
0.763313 1303200
0.763433 1301752
0.763553 1303200
0.763673 1301752
0.763793 1303200
0.763913 1301752
0.764034 1303200
0.764154 1301752
0.764274 1303200
0.764394 1301752
0.764514 1303200
0.764634 1301752
0.764755 1303200
0.764875 1301752
0.764995 1303200
0.765115 1301752
0.765235 1303200
0.765355 1301752
0.765476 1303200
0.765596 1301752
0.765716 1303200
0.765836 1301752
0.765956 1303200
0.766076 1301752
0.766196 1303200
0.766317 1301752
0.766437 1303200
0.766557 1301752
0.766677 1303200
0.766797 1301752
0.766917 1303200
0.767038 1301752
0.767158 1303200
0.767278 1301752
0.767398 1303200
0.767518 1301752
0.767638 1303200
0.767759 1301752
0.767879 1303200
0.767999 1301752
0.768119 1303200
0.768239 1301752
0.768359 1303200
0.76848 1301752
0.7686 1303200
0.76872 1301752
0.76884 1303200
0.76896 1301752
0.76908 1303200
0.7692 1301752
0.769321 1303200
0.769441 1301752
0.769561 1303200
0.769681 1301752
0.769801 1303200
0.769921 1301752
0.770042 1303200
0.770162 1301752
0.770282 1303200
0.770402 1301752
0.770522 1303200
0.770642 1301752
0.770763 1303200
0.770883 1301752
0.771003 1303200
0.771123 1301752
0.771243 1303200
0.771363 1301752
0.771484 1303200
0.771604 1301752
0.771724 1303200
0.771844 1301752
0.771964 1303200
0.772084 1301752
0.772204 1303200
0.772325 1301752
0.772445 1303200
0.772565 1301752
0.772685 1303200
0.772805 1301752
0.772925 1303200
0.773046 1301752
0.773166 1303200
0.773286 1301752
0.773406 1303200
0.773526 1301752
0.773646 1303200
0.773767 1301752
0.773887 1303200
0.774007 1301752
0.774127 1303200
0.774247 1301752
0.774367 1303200
0.774488 1301752
0.774608 1303200
0.774728 1301752
0.774848 1303200
0.774968 1301752
0.775088 1303200
0.775208 1301752
0.775329 1303200
0.775449 1301752
0.775569 1303200
0.775689 1301752
0.775809 1303200
0.775929 1301752
0.77605 1303200
0.77617 1301752
0.77629 1303200
0.77641 1301752
0.77653 1303200
0.77665 1301752
0.776771 1303200
0.776891 1301752
0.777011 1303200
0.777131 1301752
0.777251 1303200
0.777371 1301752
0.777492 1303200
0.777612 1301752
0.777732 1303200
0.777852 1301752
0.777972 1303200
0.778092 1301752
0.778212 1303200
0.778333 1301752
0.778453 1303200
0.778573 1301752
0.778693 1303200
0.778813 1301752
0.778933 1303200
0.779054 1301752
0.779174 1303200
0.779294 1301752
0.779414 1303200
0.779534 1301752
0.779654 1303200
0.779775 1301752
0.779895 1303200
0.780015 1301752
0.780135 1303200
0.780255 1301752
0.780375 1303200
0.780496 1301752
0.780616 1303200
0.780736 1301752
0.780856 1303200
0.780976 1301752
0.781096 1303200
0.781216 1301752
0.781337 1303200
0.781457 1301752
0.781577 1303200
0.781697 1301752
0.781817 1303200
0.781937 1301752
0.782058 1303200
0.782178 1301752
0.782298 1303200
0.782418 1301752
0.782538 1303200
0.782658 1301752
0.782779 1303200
0.782899 1301752
0.783019 1303200
0.783139 1301752
0.783259 1303200
0.783379 1301752
0.7835 1303200
0.78362 1301752
0.78374 1303200
0.78386 1301752
0.78398 1303200
0.7841 1301752
0.78422 1303200
0.784341 1301752
0.784461 1303200
0.784581 1301752
0.784701 1303200
0.784821 1301752
0.784941 1303200
0.785062 1301752
0.785182 1303200
0.785302 1301752
0.785422 1303200
0.785542 1301752
0.785662 1303200
0.785783 1301752
0.785903 1303200
0.786023 1301752
0.786143 1303200
0.786263 1301752
0.786383 1303200
0.786504 1301752
0.786624 1303200
0.786744 1301752
0.786864 1303200
0.786984 1301752
0.787104 1303200
0.787224 1301752
0.787345 1303200
0.787465 1301752
0.787585 1303200
0.787705 1301752
0.787825 1303200
0.787945 1301752
0.788066 1303200
0.788186 1301752
0.788306 1303200
0.788426 1301752
0.788546 1303200
0.788666 1301752
0.788787 1303200
0.788907 1301752
0.789027 1303200
0.789147 1301752
0.789267 1303200
0.789387 1301752
0.789508 1303200
0.789628 1301752
0.789748 1303200
0.789868 1301752
0.789988 1303200
0.790108 1301752
0.790228 1303200
0.790349 1301752
0.790469 1303200
0.790589 1301752
0.790709 1303200
0.790829 1301752
0.790949 1303200
0.79107 1301752
0.79119 1303200
0.79131 1301752
0.79143 1303200
0.79155 1301752
0.79167 1303200
0.791791 1301752
0.791911 1303200
0.792031 1301752
0.792151 1303200
0.792271 1301752
0.792391 1303200
0.792512 1301752
0.792632 1303200
0.792752 1301752
0.792872 1303200
0.792992 1301752
0.793112 1303200
0.793232 1301752
0.793353 1303200
0.793473 1301752
0.793593 1303200
0.79876 1301752
0.79888 1303200
0.799 1301752
0.79912 1303200
0.79924 1301752
0.799361 1303200
0.799481 1301752
0.799601 1303200
0.799721 1301752
0.799841 1303200
0.799961 1301752
0.800082 1303200
0.800202 1301752
0.800322 1303200
0.800442 1301752
0.800562 1303200
0.800682 1301752
0.800803 1303200
0.800923 1301752
0.801043 1303200
0.801163 1301752
0.801283 1303200
0.801403 1301752
0.801524 1303200
0.801644 1301752
0.801764 1303200
0.801884 1301752
0.802004 1303200
0.802124 1301752
0.802244 1303200
0.802365 1301752
0.802485 1303200
0.802605 1301752
0.802725 1303200
0.802845 1301752
0.802965 1303200
0.803086 1301752
0.803206 1303200
0.803326 1301752
0.803446 1303200
0.803566 1301752
0.803686 1303200
0.803807 1301752
0.803927 1303200
0.804047 1301752
0.804167 1303200
0.804287 1301752
0.804407 1303200
0.804528 1301752
0.804648 1303200
0.804768 1301752
0.804888 1303200
0.805008 1301752
0.805128 1303200
0.805248 1301752
0.805369 1303200
0.805489 1301752
0.805609 1303200
0.805729 1301752
0.805849 1303200
0.805969 1301752
0.80609 1303200
0.80621 1301752
0.80633 1303200
0.80645 1301752
0.80657 1303200
0.80669 1301752
0.806811 1303200
0.806931 1301752
0.807051 1303200
0.807171 1301752
0.807291 1303200
0.807411 1301752
0.807532 1303200
0.807652 1301752
0.807772 1303200
0.807892 1301752
0.808012 1303200
0.808132 1301752
0.808252 1303200
0.808373 1301752
0.808493 1303200
0.808613 1301752
0.808733 1303200
0.808853 1301752
0.808973 1303200
0.809094 1301752
0.809214 1303200
0.809334 1301752
0.809454 1303200
0.809574 1301752
0.809694 1303200
0.809815 1301752
0.809935 1303200
0.810055 1301752
0.810175 1303200
0.810295 1301752
0.810415 1303200
0.810536 1301752
0.810656 1303200
0.810776 1301752
0.810896 1303200
0.811016 1301752
0.811136 1303200
0.811256 1301752
0.811377 1303200
0.811497 1301752
0.811617 1303200
0.811737 1301752
0.811857 1303200
0.811977 1301752
0.812098 1303200
0.812218 1301752
0.812338 1303200
0.812458 1301752
0.812578 1303200
0.812698 1301752
0.812819 1303200
0.812939 1301752
0.813059 1303200
0.813179 1301752
0.813299 1303200
0.813419 1301752
0.81354 1303200
0.81366 1301752
0.81378 1303200
0.8139 1301752
0.81402 1303200
0.81414 1301752
0.81426 1303200
0.814381 1301752
0.814501 1303200
0.814621 1301752
0.814741 1303200
0.814861 1301752
0.814981 1303200
0.815102 1301752
0.815222 1303200
0.815342 1301752
0.815462 1303200
0.815582 1301752
0.815702 1303200
0.815823 1301752
0.815943 1303200
0.816063 1301752
0.816183 1303200
0.816303 1301752
0.816423 1303200
0.816544 1301752
0.816664 1303200
0.816784 1301752
0.816904 1303200
0.817024 1301752
0.817144 1303200
0.817264 1301752
0.817385 1303200
0.817505 1301752
0.817625 1303200
0.817745 1301752
0.817865 1303200
0.817985 1301752
0.818106 1303200
0.818226 1301752
0.818346 1303200
0.818466 1301752
0.818586 1303200
0.818706 1301752
0.818827 1303200
0.818947 1301752
0.819067 1303200
0.819187 1301752
0.819307 1303200
0.819427 1301752
0.819548 1303200
0.819668 1301752
0.819788 1303200
0.819908 1301752
0.820028 1303200
0.820148 1301752
0.820268 1303200
0.820389 1301752
0.820509 1303200
0.820629 1301752
0.820749 1303200
0.820869 1301752
0.820989 1303200
0.82111 1301752
0.82123 1303200
0.82135 1301752
0.82147 1303200
0.82159 1301752
0.82171 1303200
0.821831 1301752
0.821951 1303200
0.822071 1301752
0.822191 1303200
0.822311 1301752
0.822431 1303200
0.822552 1301752
0.822672 1303200
0.822792 1301752
0.822912 1303200
0.823032 1301752
0.823152 1303200
0.823272 1301752
0.823393 1303200
0.823513 1301752
0.823633 1303200
0.823753 1301752
0.823873 1303200
0.823993 1301752
0.824114 1303200
0.824234 1301752
0.824354 1303200
0.824474 1301752
0.824594 1303200
0.824714 1301752
0.824835 1303200
0.824955 1301752
0.825075 1303200
0.825195 1301752
0.825315 1303200
0.825435 1301752
0.825556 1303200
0.825676 1301752
0.825796 1303200
0.825916 1301752
0.826036 1303200
0.826156 1301752
0.826276 1303200
0.826397 1301752
0.826517 1303200
0.826637 1301752
0.826757 1303200
0.826877 1301752
0.826997 1303200
0.827118 1301752
0.827238 1303200
0.827358 1301752
0.827478 1303200
0.827598 1301752
0.827718 1303200
0.827839 1301752
0.827959 1303200
0.828079 1301752
0.828199 1303200
0.828319 1301752
0.828439 1303200
0.82856 1301752
0.82868 1303200
0.8288 1301752
0.82892 1303200
0.82904 1301752
0.82916 1303200
0.82928 1301752
0.829401 1303200
0.832885 1301752
0.834207 1303200
0.834568 1301752
0.834688 1303200
0.834808 1301752
0.834928 1303200
0.835048 1301752
0.835168 1303200
0.835288 1301752
0.835409 1303200
0.835529 1301752
0.835649 1303200
0.835769 1301752
0.835889 1303200
0.836009 1301752
0.83613 1303200
0.83637 1301752
0.83649 1303200
0.83661 1301752
0.83673 1303200
0.836851 1301752
0.836971 1303200
0.837091 1301752
0.837211 1303200
0.837331 1301752
0.837451 1303200
0.837692 1301752
0.837812 1303200
0.837932 1301752
0.838052 1303200
0.838172 1301752
0.838292 1303200
0.838413 1301752
0.838533 1303200
0.838653 1301752
0.838773 1303200
0.839013 1301752
0.839134 1303200
0.839254 1301752
0.839374 1303200
0.839494 1301752
0.839614 1303200
0.839734 1301752
0.839855 1303200
0.839975 1301752
0.840095 1303200
0.840335 1301752
0.840455 1303200
0.840576 1301752
0.840696 1303200
0.840816 1301752
0.840936 1303200
0.841056 1301752
0.841176 1303200
0.841296 1301752
0.841417 1303200
0.841657 1301752
0.841897 1303200
0.842017 1301752
0.842138 1303200
0.842258 1301752
0.842378 1303200
0.842498 1301752
0.842618 1303200
0.842738 1301752
0.842859 1303200
0.843099 1301752
0.843219 1303200
0.843339 1301752
0.843459 1303200
0.84358 1301752
0.8437 1303200
0.84382 1301752
0.84394 1303200
0.84406 1301752
0.84418 1303200
0.844421 1301752
0.844541 1303200
0.844661 1301752
0.844781 1303200
0.844901 1301752
0.845021 1303200
0.845142 1301752
0.845262 1303200
0.845382 1301752
0.845502 1303200
0.845622 1301752
0.845742 1303200
0.845863 1301752
0.845983 1303200
0.846103 1301752
0.846223 1303200
0.846343 1301752
0.846463 1303200
0.846584 1301752
0.846704 1303200
0.846824 1301752
0.846944 1303200
0.847064 1301752
0.847184 1303200
0.847304 1301752
0.847425 1303200
0.847545 1301752
0.847665 1303200
0.847785 1301752
0.847905 1303200
0.848025 1301752
0.848146 1303200
0.848266 1301752
0.848386 1303200
0.848506 1301752
0.848626 1303200
0.848746 1301752
0.848867 1303200
0.848987 1301752
0.849107 1303200
0.849227 1301752
0.849347 1303200
0.849467 1301752
0.849588 1303200
0.849708 1301752
0.849828 1303200
0.849948 1301752
0.850068 1303200
0.850188 1301752
0.850308 1303200
0.850429 1301752
0.850549 1303200
0.850669 1301752
0.850789 1303200
0.850909 1301752
0.851029 1303200
0.85115 1301752
0.85127 1303200
0.85139 1301752
0.85151 1303200
0.85163 1301752
0.85175 1303200
0.851871 1301752
0.851991 1303200
0.852111 1301752
0.852231 1303200
0.852351 1301752
0.852471 1303200
0.852592 1301752
0.852712 1303200
0.852832 1301752
0.852952 1303200
0.853072 1301752
0.853192 1303200
0.853312 1301752
0.853433 1303200
0.853553 1301752
0.853673 1303200
0.853793 1301752
0.853913 1303200
0.854033 1301752
0.854154 1303200
0.854274 1301752
0.854394 1303200
0.854514 1301752
0.854634 1303200
0.854754 1301752
0.854875 1303200
0.854995 1301752
0.855115 1303200
0.855235 1301752
0.855355 1303200
0.855475 1301752
0.855596 1303200
0.855716 1301752
0.855836 1303200
0.855956 1301752
0.856076 1303200
0.856196 1301752
0.856316 1303200
0.856437 1301752
0.856557 1303200
0.856677 1301752
0.856797 1303200
0.856917 1301752
0.857037 1303200
0.857158 1301752
0.857278 1303200
0.857398 1301752
0.857518 1303200
0.857638 1301752
0.857758 1303200
0.857879 1301752
0.857999 1303200
0.858119 1301752
0.858239 1303200
0.858359 1301752
0.858479 1303200
0.8586 1301752
0.85872 1303200
0.85884 1301752
0.85896 1303200
0.85908 1301752
0.8592 1303200
0.85932 1301752
0.859441 1303200
0.859561 1301752
0.859681 1303200
0.859801 1301752
0.859921 1303200
0.860041 1301752
0.860162 1303200
0.860282 1301752
0.860402 1303200
0.860522 1301752
0.860642 1303200
0.860762 1301752
0.860883 1303200
0.861003 1301752
0.861123 1303200
0.861243 1301752
0.861363 1303200
0.861483 1301752
0.861604 1303200
0.861724 1301752
0.861844 1303200
0.861964 1301752
0.862084 1303200
0.862204 1301752
0.862324 1303200
0.862445 1301752
0.862565 1303200
0.862685 1301752
0.862805 1303200
0.862925 1301752
0.863045 1303200
0.863166 1301752
0.863286 1303200
0.863406 1301752
0.863526 1303200
0.863646 1301752
0.863766 1303200
0.863887 1301752
0.864007 1303200
0.864127 1301752
0.864247 1303200
0.864367 1301752
0.864487 1303200
0.864608 1301752
0.864728 1303200
0.864848 1301752
0.864968 1303200
0.865088 1301752
0.865208 1303200
0.865328 1301752
0.865449 1303200
0.865569 1301752
0.865689 1303200
0.865809 1301752
0.865929 1303200
0.866049 1301752
0.86617 1303200
0.86629 1301752
0.86641 1303200
0.86653 1301752
0.86665 1303200
0.86677 1301752
0.866891 1303200
0.867011 1301752
0.867131 1303200
0.867251 1301752
0.867371 1303200
0.867491 1301752
0.867611 1303200
0.86773 1301752
0.86785 1303200
0.86797 1818688
0.885153 1820136
0.899812 1821584
0.912549 1823032
0.929131 1824480
0.940666 1825928
0.955566 1827376
0.966621 1828824
0.976474 1830272
0.985606 1831720
0.992698 1830272
0.992818 1816367
0.992938 1801312
0.993059 1787089
0.993179 1772352
0.993299 1757872
0.993419 1743392
0.993539 1728912
0.993659 1715064
0.99378 1699952
0.9939 1685786
0.99402 1670992
0.99414 1656512
0.99426 1642032
0.99438 1627552
0.9945 1613761
0.994621 1598592
0.994741 1584483
0.994861 1569632
0.994981 1555204
0.995101 1540672
0.995221 1526192
0.995342 1512458
0.995462 1497232
0.995582 1483179
0.995702 1468272
0.995822 1453901
0.995942 1439312
0.996063 1424832
0.996183 1411154
0.996303 1395872
0.996423 1381876
0.996543 1366912
0.996663 1352598
0.996784 1337952
0.996904 1323472
0.997024 1311299
0.997144 1307544
0.997264 1306637
0.997384 1304648
0.997504 1303423
0.997625 1301752
0.997745 1300304
0.997865 1298856
0.997985 1297408
0.998105 1296558
0.998225 1294512
0.998346 1293344
0.998466 1291616
0.998586 1290168
0.998706 1288720
0.998826 1287272
0.998946 1286479
0.999067 1284376
0.999187 1283264
0.999307 1281480
1.02418 1280032
1.03692 1278584
1.0535 1277136
1.06503 1275688
1.07993 1274240
1.08102 1272792
1.09099 1271344
1.10084 1269896
1.10997 1268448
1.1167 1281480
1.22749 1282928
1.22773 1284376
1.25272 1285824
1.27147 1287272
1.2979 1288720
1.3229 1290168
1.33948 1291616
1.35726 1293064
1.37637 1294512
1.398 1295960
1.41193 1297408
1.42731 1298856
1.4487 1300304
1.46408 1301752
1.47946 1303200
1.49605 1304648
1.51143 1306096
1.52993 1307544
1.54339 1308992
1.56261 1310440
1.57655 1311888
1.59001 1313336
1.60491 1314784
1.61837 1316232
1.63844 1317680
1.65069 1319128
1.66439 1320576
1.68386 1322024
1.69779 1323472
1.71149 1324920
1.72711 1326368
1.74201 1327816
1.761 1329264
1.7747 1330712
1.79032 1332160
1.81026 1333608
1.82396 1335056
1.83958 1336504
1.85472 1337952
1.87058 1339400
1.88993 1340848
1.90531 1342296
1.92261 1343744
1.93872 1345192
1.95337 1346640
1.97044 1348088
1.9863 1349536
2.00649 1350984
2.02163 1352432
2.03749 1353880
2.05827 1355328
2.07341 1356776
2.07774 1355328
2.07786 1354453
2.07798 1354015
2.0781 1352432
2.07822 1350984
2.07834 1349542
2.07846 1348088
2.07858 1346640
2.0787 1345192
2.07882 1343744
2.07894 1342296
2.07906 1340848
2.07918 1339400
2.0793 1337952
2.07942 1336504
2.07954 1335056
2.07966 1333608
2.07978 1332160
2.0799 1330712
2.08002 1329264
2.08014 1327816
2.08026 1326368
2.08038 1324920
2.08051 1323472
2.08063 1322268
2.08075 1320576
2.08087 1319128
2.08099 1317795
2.08111 1316232
2.08123 1314784
2.08135 1313336
2.08147 1311888
2.08159 1310440
2.08171 1308992
2.08183 1307544
2.08195 1306096
2.08207 1304648
2.08219 1303200
2.08231 1301752
2.08243 1300304
2.08255 1298856
2.08267 1297408
2.08279 1295960
2.08291 1294512
2.08303 1293064
2.08315 1291616
2.08327 1290168
2.08339 1288720
2.08351 1287272
2.08363 1286049
2.08375 1284376
2.08387 1282928
2.08399 1281576
2.08411 1280032
2.08423 1278584
2.08435 1277136
2.08447 1275688
2.08459 1274240
2.08471 1272792
2.08483 1271344
2.08495 1269896
2.08507 1268448
2.08519 1267000
2.08531 1265552
2.08543 1264104
2.08555 1262656
2.08567 1261208
2.08579 1259760
2.08591 1258312
2.08603 1256864
2.08615 1255416
2.08627 1253968
2.08639 1252520
2.08651 1251072
2.08663 1249829
2.08675 1248176
2.08687 1246728
2.08699 1245357
2.08711 1243832
2.08723 1242384
2.08735 1240936
2.08747 1239488
2.08759 1238040
2.08771 1236592
2.08783 1235144
2.08795 1233696
2.08808 1232248
2.0882 1230800
2.08832 1229352
2.08844 1227904
2.08856 1226456
2.08868 1225008
2.0888 1223560
2.08892 1222112
2.08904 1220664
2.08916 1219216
2.08928 1217768
2.0894 1216320
2.08952 1214872
2.08964 1213610
2.08976 1211976
2.08988 1210528
2.09 1209138
2.09012 1207632
2.09024 1206184
2.09036 1204736
2.09048 1203288
2.0906 1201840
2.09072 1200392
2.09084 1198944
2.09096 1197496
2.09108 1196048
2.0912 1194600
2.09132 1193152
2.09264 1191704
2.09276 1190256
2.09288 1188808
2.093 1187360
2.09312 1185912
2.09324 1184464
2.09336 1183016
2.09348 1181568
2.0936 1180120
2.09372 1178672
2.09384 1177391
2.09396 1175776
2.09408 1174328
2.0942 1172918
2.09432 1171432
2.09444 1169984
2.09456 1168536
2.09468 1167088
2.0948 1164192
2.09492 1162744
2.09505 1161296
2.09517 1159848
2.09529 1158400
2.09541 1156952
2.09553 1155504
2.09565 1154056
2.09577 1152608
2.09589 1151160
2.09601 1149712
2.09613 1148264
2.09625 1146816
2.09637 1145368
2.09649 1143920
2.09661 1142472
2.09673 1141024
2.09685 1139724
2.09697 1138128
2.09709 1136680
2.09721 1135251
2.09733 1133784
2.09745 1132336
2.09757 1130888
2.09769 1129440
2.09781 1127992
2.09793 1126544
2.09805 1125096
2.09817 1123648
2.09829 1122200
2.09841 1120752
2.09853 1119304
2.09865 1117856
2.09877 1116408
2.09889 1114960
2.09901 1113512
2.09913 1112064
2.09925 1110616
2.09937 1109168
2.09949 1107977
2.09961 1106272
2.09973 1104824
2.09985 1103504
2.09997 1101928
2.10009 1100480
2.10021 1099032
2.10033 1097584
2.10045 1096136
2.10057 1094688
2.10069 1093240
2.10081 1091792
2.10093 1090344
2.10105 1088896
2.10117 1087448
2.10129 1086000
2.10141 1084552
2.10153 1083104
2.10165 1081656
2.10177 1080208
2.10189 1078760
2.10201 1077312
2.10213 1075864
2.10225 1074416
2.10237 1072968
2.1025 1071758
2.10262 1070072
2.10274 1068624
2.10286 1067285
2.10298 1065728
2.1031 1064280
2.10322 1062832
2.10334 1061384
2.10346 1059936
2.10358 1058488
2.1037 1057040
2.10382 1055592
2.10394 1054144
2.10406 1052696
2.10418 1051248
2.1043 1049800
2.10442 1048352
2.10454 1046904
2.10466 1045456
2.10478 1044008
2.1049 1042560
2.10502 1041112
2.10514 1039664
2.10526 1038216
2.10538 1036768
2.1055 1035538
2.10562 1033872
2.10574 1032424
2.10586 1031066
2.10598 1029528
2.1061 1028080
2.10622 1026632
2.10634 1025184
2.10646 1023736
2.10658 1022288
2.1067 1020840
2.10682 1019392
2.10694 1017944
2.10706 1016496
2.10718 1015048
2.1073 1013600
2.10742 1012152
2.10754 1010704
2.10766 1009256
2.10778 1007808
2.1079 1006360
2.10802 1004912
2.10814 1003464
2.10826 1002016
2.10838 1000568
2.1085 999319
2.10862 997672
2.10874 996224
2.10886 994847
2.10898 993328
2.1091 991880
2.10922 990432
2.10934 988984
2.10946 987536
2.10958 986088
2.1097 984640
2.10982 983192
2.10994 981744
2.11007 980296
2.11019 978848
2.11031 977400
2.11043 975952
2.11055 974504
2.11067 971608
2.11079 970160
2.11091 968712
2.11103 967264
2.11115 965816
2.11127 964368
2.11139 962920
2.11151 961652
2.11163 960024
2.11175 958576
2.11187 957179
2.11199 955680
2.11211 954232
2.11223 952784
2.11235 951336
2.11247 949888
2.11259 948440
2.13085 946992
2.14599 945544
2.16185 944096
2.20163 948440
2.24777 949888
2.24801 951336
2.27132 952784
2.28874 954232
2.31638 955680
2.34005 957128
2.36024 958576
2.38078 960024
2.40193 961472
2.42548 962920
2.44591 964368
2.46273 965816
2.48196 967264
2.49998 968712
2.51825 970160
2.53627 971608
2.55514 973056
2.57364 974504
2.59094 975952
2.61113 977400
2.62988 978848
2.64886 980296
2.66592 981744
2.68707 983192
2.7063 984640
2.7236 986088
2.74535 987536
2.76193 988984
2.78476 990432
2.80303 991880
2.82466 993328
2.84244 994776
2.86503 996224
2.88353 997672
2.90492 999120
2.92667 1000568
2.94397 1002016
2.96825 1003464
2.98627 1004912
3.00862 1006360
3.02953 1007808
3.05356 1009256
3.0711 1010704
3.09453 1012152
3.11544 1013600
3.14068 1015048
3.16158 1016496
3.18538 1017944
3.20628 1019392
3.23104 1020840
3.24834 1022288
3.27213 1023736
3.29328 1025184
3.31887 1026632
3.34002 1028080
3.36405 1029528
3.3852 1030976
3.41068 1032424
3.43206 1033872
3.4561 1035320
3.47748 1036768
3.50332 1038216
3.52471 1039664
3.54898 1041112
3.57037 1042560
3.59632 1044008
3.6218 1045456
3.64799 1046904
3.6713 1048352
3.70122 1049800
3.72718 1051248
3.75553 1052696
3.78317 1054144
3.806 1055592
3.83772 1057040
3.86885 1058488
3.89336 1059936
3.92532 1061384
3.94719 1062832
3.98107 1064280
4.01136 1065728
4.0426 1067176
4.0754 1068624
4.09967 1070072
4.13115 1071520
4.16528 1072968
4.1958 1074416
4.22728 1075864
4.26177 1077312
4.29229 1078760
4.32401 1080208
4.35862 1081656
4.38914 1083104
4.4211 1084552
4.45583 1086000
4.48659 1087448
4.51855 1088896
4.5534 1090344
4.588 1091792
4.62645 1093240
4.66539 1094688
4.69963 1096136
4.74529 1097584
4.7811 1099032
4.82844 1100480
4.86401 1101928
4.91268 1103376
4.95906 1104824
4.99655 1106272
5.04725 1107720
5.09616 1109168
5.14663 1110616
5.17859 1112064
5.22689 1113512
5.2788 1114960
5.32747 1116408
5.37938 1117856
5.42792 1119304
5.48007 1120752
5.52898 1122200
5.58401 1123648
5.64625 1125096
5.71114 1126544
5.77807 1127992
5.83358 1129440
5.92082 1130888
5.98847 1132336
6.07667 1133784
6.14035 1135232
6.24309 1136680
6.34402 1138128
6.39917 1139576
6.50227 1141024
6.60573 1142472
6.70931 1143920
6.81301 1145368
6.9471 1146816
7.11353 1148264
7.31047 1149712
7.55788 1151160
7.91355 1152608
10.6251 1154056
10.978 1155504
11.2253 1156952
11.4225 1158400
11.5888 1159848
11.7357 1161296
11.8642 1162744
11.9824 1164192
12.091 1165640
12.1918 1167088
12.2863 1168536
12.3751 1169984
12.4592 1171432
12.539 1172880
12.6151 1174328
12.6879 1175776
12.7578 1177224
12.8247 1178672
12.8896 1180120
12.9519 1181568
13.0124 1183016
13.0709 1184464
13.1277 1185912
13.1827 1187360
13.2365 1188808
13.2885 1190256
13.3395 1191704
13.3892 1193152
13.4378 1194600
13.4853 1196048
13.5314 1197496
13.5768 1198944
13.6213 1200392
13.6648 1201840
13.7077 1203288
13.7492 1204736
13.7903 1206184
13.8307 1207632
13.8706 1209080
13.9095 1210528
13.9479 1211976
13.9856 1213424
14.0228 1214872
14.0594 1216320
14.0954 1217768
14.1307 1219216
14.1658 1220664
14.2004 1222112
14.2344 1223560
14.2729 1225008
14.301 1226456
14.3337 1227904
14.3659 1229352
14.3979 1230800
14.4293 1232248
14.4605 1233696
14.4912 1235144
14.5215 1236592
14.5516 1238040
14.5811 1239488
14.6107 1240936
14.6395 1242384
14.6683 1243832
14.6968 1245280
14.7249 1246728
14.7528 1248176
14.7805 1249624
14.8345 1251072
14.8879 1252520
14.9176 1253968
14.9452 1255416
14.988 1256864
15.0168 1258312
15.0454 1259760
15.0714 1261208
15.1055 1262656
15.1331 1264104
15.1633 1265552
15.1883 1267000
15.213 1268448
15.2354 1269896
15.2587 1271344
15.2818 1272792
15.3048 1274240
15.3315 1275688
15.3527 1277136
15.3752 1278584
15.4002 1280032
15.4214 1281480
15.4508 1282928
15.472 1284376
15.4948 1285824
15.5198 1287272
15.5412 1288720
15.5676 1290168
15.5885 1291616
15.6078 1293064
15.6299 1294512
15.6505 1295960
15.6688 1297408
15.6949 1298856
15.7129 1300304
15.7321 1301752
15.754 1303200
15.772 1304648
15.7905 1306096
15.8162 1307544
15.8343 1308992
15.8537 1310440
15.8756 1311888
15.8936 1313336
15.9119 1314784
15.9382 1316232
15.9565 1317680
15.9759 1319128
15.998 1320576
16.0163 1322024
16.0346 1323472
16.0586 1324920
16.0742 1326368
16.0901 1327816
16.1079 1329264
16.1266 1330712
16.1432 1332160
16.1607 1333608
16.1849 1335056
16.2007 1336504
16.2164 1337952
16.2322 1336504
16.2323 1335629
16.2325 1335191
16.2326 1333608
16.2327 1332160
16.2328 1330712
16.2329 1329264
16.2331 1327816
16.2332 1326368
16.2333 1324920
16.2334 1323472
16.2336 1322024
16.2337 1320576
16.2338 1319128
16.2339 1317680
16.234 1316232
16.2342 1314784
16.2343 1313336
16.2344 1312170
16.2345 1310440
16.2346 1308992
16.2348 1307653
16.2349 1306096
16.235 1304648
16.2351 1303200
16.2352 1301752
16.2354 1300304
16.2355 1298856
16.2356 1297408
16.2357 1295960
16.2397 1294512
16.2398 1293064
16.2399 1291616
16.24 1290168
16.2402 1288720
16.2403 1287272
16.2404 1285824
16.2405 1284632
16.2406 1282928
16.2408 1281480
16.2409 1280115
16.241 1278584
16.2411 1277136
16.2412 1275688
16.2414 1274240
16.2415 1272792
16.2416 1271344
16.2417 1269896
16.2418 1268448
16.242 1267000
16.2421 1265552
16.2422 1264104
16.2423 1262656
16.2424 1261208
16.2426 1259760
16.2427 1258312
16.2428 1257094
16.2429 1255416
16.243 1253968
16.2432 1252577
16.2433 1251072
16.2434 1249624
16.2435 1248176
16.2436 1246728
16.2438 1245280
16.2439 1243832
16.244 1242384
16.2441 1240936
16.2442 1239488
16.2444 1238040
16.2445 1236592
16.2446 1235144
16.2447 1233696
16.2448 1232248
16.245 1230800
16.2451 1229556
16.2452 1227904
16.2453 1226456
16.2454 1225039
16.2456 1223560
16.2457 1222112
16.2458 1220664
16.2459 1219216
16.246 1217768
16.2462 1216320
16.2463 1214872
16.2464 1213424
16.2465 1211976
16.2466 1210528
16.2468 1209080
16.2469 1207632
16.247 1206184
16.2471 1204736
16.2472 1203288
16.2474 1202018
16.2475 1200392
16.2476 1198944
16.2477 1197501
16.2478 1196048
16.248 1194600
16.2481 1193152
16.2482 1191704
16.2483 1190256
16.2485 1188808
16.2486 1187360
16.2487 1185912
16.2488 1184464
16.2489 1183016
16.2491 1181568
16.2492 1180120
16.2493 1178672
16.2494 1177224
16.2495 1175776
16.2497 1174480
16.2498 1172880
16.2499 1171432
16.25 1169984
16.2501 1168536
16.2503 1167088
16.2504 1165640
16.2505 1164192
16.2506 1162744
16.2507 1161296
16.2509 1159848
16.251 1156952
16.2511 1155504
16.2512 1154056
16.2513 1152608
16.2515 1151160
16.2516 1150010
16.2517 1148264
16.2518 1146816
16.2519 1145494
16.2521 1143920
16.2522 1142472
16.2523 1141024
16.2524 1139576
16.2525 1138128
16.2527 1136680
16.2528 1135232
16.2529 1133784
16.253 1132336
16.2531 1130888
16.2533 1129440
16.2534 1127992
16.2535 1126544
16.2536 1125096
16.2537 1123648
16.2539 1122472
16.254 1120752
16.2541 1119304
16.2542 1117956
16.2543 1116408
16.2545 1114960
16.2546 1113512
16.2547 1112064
16.2548 1110616
16.2549 1109168
16.2551 1107720
16.2552 1106272
16.2553 1104824
16.2554 1103376
16.2555 1101928
16.2557 1100480
16.2558 1099032
16.2559 1097584
16.256 1096136
16.2561 1094934
16.2563 1093240
16.2564 1091792
16.2565 1090418
16.2566 1088896
16.2567 1087448
16.2569 1086000
16.257 1084552
16.2571 1083104
16.2572 1081656
16.2573 1080208
16.2575 1078760
16.2576 1077312
16.2577 1075864
16.2578 1074416
16.2579 1072968
16.2581 1071520
16.2582 1070072
16.2583 1068624
16.2584 1067396
16.2585 1065728
16.2587 1064280
16.2588 1062880
16.2589 1061384
16.259 1059936
16.2591 1058488
16.2593 1057040
16.2594 1055592
16.2595 1054144
16.2596 1052696
16.2597 1051248
16.2599 1049800
16.26 1048352
16.2601 1046904
16.2602 1045456
16.2603 1044008
16.2605 1042560
16.2606 1041112
16.2607 1039858
16.2608 1038216
16.2609 1036768
16.2611 1035342
16.2612 1033872
16.2613 1032424
16.2614 1030976
16.2615 1029528
16.2617 1028080
16.2618 1026632
16.2619 1025184
16.262 1023736
16.2621 1022288
16.2623 1020840
16.2624 1019392
16.2625 1017944
16.2626 1016496
16.2628 1015048
16.2629 1013600
16.263 1012320
16.2631 1010704
16.2632 1009256
16.2634 1007808
16.2635 1006360
16.2636 1004912
16.2637 1003464
16.2638 1002016
16.264 1000568
16.2641 999120
16.2642 997672
16.2643 996224
16.2644 994776
16.2646 993328
16.2647 991880
16.2648 990432
16.2649 988984
16.265 987536
16.2652 986088
16.2653 984782
16.2654 983192
16.2655 981744
16.2656 980296
16.2658 978848
16.2659 977400
16.266 975952
16.2661 974504
16.2662 973056
16.2664 971608
16.2665 970160
16.2666 968712
16.2667 967264
16.2668 965816
16.267 964368
16.2671 962920
16.2672 961761
16.2673 960024
16.2674 958576
16.2676 955796
16.2677 954232
16.2678 952784
16.2679 951336
16.268 949888
16.2682 948440
16.2683 946992
16.2684 945544
16.2685 944096
16.2686 942648
16.2688 941200
16.2689 939752
16.269 938304
16.2691 936856
16.2692 935408
16.2851 933960
16.3251 932512
16.3407 931064
16.3562 935408
16.4317 936856
16.4335 938304
16.4337 939752
16.4412 941200
16.459 942648
16.4844 944096
16.4986 945544
16.5142 946992
16.5289 948440
16.546 949888
16.5589 951336
16.5786 952784
16.5899 954232
16.6012 955680
16.6125 957128
16.6256 958576
16.6393 960024
16.6504 961472
16.6672 962920
16.6775 964368
16.6874 965816
16.6975 967264
16.7073 968712
16.7191 970160
16.7328 971608
16.7429 973056
16.7612 974504
16.7715 975952
16.7816 977400
16.7917 978848
16.8018 980296
16.8136 981744
16.8276 983192
16.8377 984640
16.856 986088
16.8666 987536
16.8766 988984
16.887 990432
16.8971 991880
16.9091 993328
16.9233 994776
16.9336 996224
16.9521 997672
16.9627 999120
16.973 1000568
16.9833 1002016
16.9937 1003464
17.0057 1004912
17.0202 1006360
17.0306 1007808
17.0491 1009256
17.0599 1010704
17.0702 1012152
17.0808 1013600
17.0911 1015048
17.1034 1016496
17.1178 1017944
17.1284 1019392
17.1471 1020840
17.1579 1022288
17.1685 1023736
17.1791 1025184
17.1925 1026632
17.2034 1028080
17.2181 1029528
17.2302 1030976
17.2477 1032424
17.2585 1033872
17.2693 1035320
17.2816 1036768
17.2955 1038216
17.3061 1039664
17.322 1041112
17.3385 1042560
17.351 1044008
17.3619 1045456
17.3743 1046904
17.3866 1048352
17.4008 1049800
17.416 1051248
17.4283 1052696
17.4473 1054144
17.4586 1055592
17.4706 1057040
17.4819 1058488
17.4961 1059936
17.5086 1061384
17.5254 1062832
17.5437 1064280
17.5557 1065728
17.5684 1067176
17.5795 1068624
17.592 1070072
17.6064 1071520
17.6232 1072968
17.6359 1074416
17.6555 1075864
17.6683 1077312
17.681 1078760
17.6937 1080208
17.7082 1081656
17.7252 1083104
17.738 1084552
17.7574 1086000
17.7706 1087448
17.7834 1088896
17.7964 1090344
17.8108 1091792
17.8281 1093240
17.8408 1094688
17.8623 1096136
17.8739 1097584
17.8868 1099032
17.8998 1100480
17.9145 1101928
17.9318 1103376
17.9447 1104824
17.9664 1106272
17.9796 1107720
17.9928 1109168
18.0058 1110616
18.0207 1112064
18.038 1113512
18.0512 1114960
18.073 1116408
18.0864 1117856
18.0996 1119304
18.115 1120752
18.1318 1122200
18.1484 1123648
18.1628 1125096
18.1852 1126544
18.1984 1127992
18.214 1129440
18.2313 1130888
18.247 1132336
18.2662 1133784
18.2866 1135232
18.3005 1136680
18.3159 1138128
18.3315 1139576
18.3492 1141024
18.3692 1142472
18.3903 1143920
18.4057 1145368
18.4208 1146816
18.4367 1148264
18.4542 1149712
18.4744 1151160
18.4972 1152608
18.5126 1154056
18.5285 1155504
18.5446 1156952
18.5621 1158400
18.5827 1159848
18.5985 1161296
18.6235 1162744
18.6394 1164192
18.6555 1165640
18.6733 1167088
18.6939 1168536
18.71 1169984
18.735 1171432
18.7511 1172880
18.7675 1174328
18.7853 1175776
18.8063 1177224
18.8224 1178672
18.8476 1180120
18.8637 1181568
18.8834 1183016
18.9043 1184464
18.925 1185912
18.9466 1187360
18.9671 1188808
18.9837 1190256
19.0034 1191704
19.0247 1193152
19.0491 1194600
19.0746 1196048
19.0943 1197496
19.114 1198944
19.1357 1200392
19.1602 1201840
19.1861 1203288
19.2056 1204736
19.2255 1206184
19.2472 1207632
19.272 1209080
19.3011 1210528
19.3211 1211976
19.3412 1213424
19.3629 1214872
19.3879 1216320
19.4169 1217768
19.4371 1219216
19.4573 1220664
19.4792 1222112
19.5042 1223560
19.5334 1225008
19.5538 1226456
19.574 1227904
19.5995 1229352
19.6257 1230800
19.6521 1232248
19.6761 1233696
19.7035 1235144
19.7333 1236592
19.7608 1238040
19.7839 1239488
19.8096 1240936
19.837 1242384
19.874 1243832
19.8973 1245280
19.9231 1246728
19.9507 1248176
19.9812 1249624
20.0164 1251072
20.0424 1252520
20.07 1253968
20.1008 1255416
20.1361 1256864
20.1621 1258312
20.1899 1259760
20.2207 1261208
20.2564 1262656
20.2826 1264104
20.3133 1265552
20.3516 1267000
20.3828 1268448
20.4121 1269896
20.4537 1271344
20.4908 1272792
20.5247 1274240
20.5658 1275688
20.6014 1277136
20.6377 1278584
20.6747 1280032
20.7232 1281480
20.7511 1282928
20.7883 1284376
20.8286 1285824
20.8738 1287272
20.911 1288720
20.9514 1290168
20.9968 1291616
21.0341 1293064
21.076 1294512
21.1243 1295960
21.1779 1297408
21.225 1298856
21.262 1300304
21.3226 1301752
21.3494 1300304
21.3495 1299430
21.3496 1298993
21.3497 1297408
21.3498 1295960
21.35 1294512
21.3501 1293064
21.3502 1291616
21.3503 1290168
21.3504 1288720
21.3506 1287272
21.3507 1285824
21.3508 1284746
21.3509 1282928
21.351 1281480
21.3512 1280142
21.3513 1278584
21.3514 1277136
21.3515 1275688
21.3516 1274240
21.3518 1272792
21.3519 1271344
21.352 1269896
21.3521 1268448
21.3522 1267000
21.3524 1265895
21.3525 1264104
21.3526 1262656
21.3527 1261291
21.3528 1259760
21.353 1258312
21.3531 1256864
21.3532 1255416
21.3533 1253968
21.3534 1252520
21.3536 1251072
21.3537 1249624
21.3538 1248176
21.3539 1247044
21.354 1245280
21.3542 1243832
21.3543 1242440
21.3544 1240936
21.3545 1239488
21.3546 1238040
21.3548 1236592
21.3549 1235144
21.355 1233696
21.3551 1232248
21.3553 1230800
21.3554 1229352
21.3555 1228193
21.3556 1226456
21.3557 1225008
21.3559 1223589
21.356 1222112
21.3561 1220664
21.3562 1219216
21.3563 1217768
21.3565 1216320
21.3566 1214872
21.3567 1213424
21.3568 1211976
21.3569 1210528
21.3571 1209342
21.3572 1207632
21.3573 1206184
21.3574 1204739
21.3575 1203288
21.3577 1201840
21.3578 1200392
21.3579 1198944
21.358 1197496
21.3581 1196048
21.3583 1194600
21.3584 1193152
21.3585 1191704
21.3586 1190491
21.3587 1188808
21.3589 1187360
21.359 1185912
21.3591 1184464
21.3592 1183016
21.3593 1181568
21.3595 1180120
21.3596 1178672
21.3597 1177224
21.3598 1175776
21.3599 1174328
21.3601 1172880
21.3602 1171640
21.3603 1169984
21.3604 1168536
21.3605 1167088
21.3607 1165640
21.3608 1164192
21.3609 1162744
21.361 1161296
21.3611 1159848
21.3613 1158400
21.3614 1156952
21.3615 1155504
21.3616 1154056
21.3617 1152789
21.3619 1151160
21.362 1149712
21.3621 1148264
21.3622 1146816
21.3623 1145368
21.3625 1143920
21.3626 1142472
21.3627 1141024
21.3628 1139576
21.3629 1138128
21.3631 1136680
21.3632 1135232
21.3633 1133938
21.3634 1132336
21.3635 1130888
21.3637 1129440
21.3638 1127992
21.3639 1126544
21.364 1125096
21.3641 1123648
21.3643 1122200
21.3644 1120752
21.3645 1119691
21.3646 1117856
21.3647 1116408
21.3649 1115087
21.365 1113512
21.3651 1112064
21.3652 1110616
21.3653 1109168
21.3655 1107720
21.3656 1106272
21.3657 1104824
21.3658 1103376
21.3659 1101928
21.3661 1100840
21.3662 1099032
21.3663 1097584
21.3664 1096236
21.3665 1094688
21.3667 1093240
21.3668 1091792
21.3669 1090344
21.367 1088896
21.3671 1087448
21.3673 1086000
21.3674 1084552
21.3675 1083104
21.3676 1081989
21.3677 1080208
21.3679 1078760
21.368 1077386
21.3681 1075864
21.3682 1074416
21.3683 1072968
21.3685 1071520
21.3686 1070072
21.3687 1068624
21.3688 1067176
21.3689 1065728
21.3691 1064280
21.3692 1063138
21.3693 1061384
21.3694 1059936
21.3695 1058535
21.3697 1057040
21.3698 1055592
21.3699 1054144
21.37 1052696
21.3702 1051248
21.3703 1049800
21.3704 1048352
21.3705 1046904
21.3706 1045456
21.3708 1044287
21.3709 1042560
21.371 1041112
21.3711 1039684
21.3712 1038216
21.3714 1036768
21.3715 1035320
21.3716 1033872
21.3717 1032424
21.3718 1030976
21.372 1029528
21.3721 1028080
21.3722 1026632
21.3723 1025436
21.3724 1023736
21.3726 1022288
21.3727 1020840
21.3728 1019392
21.3729 1017944
21.373 1016496
21.3732 1015048
21.3733 1013600
21.3734 1012152
21.3735 1010704
21.3736 1009256
21.3738 1007808
21.3739 1006585
21.374 1004912
21.3741 1003464
21.3742 1002016
21.3744 1000568
21.3745 999120
21.3746 997672
21.3747 996224
21.3748 994776
21.375 993328
21.3751 991880
21.3752 990432
21.3753 988984
21.3754 987734
21.3756 986088
21.3757 984640
21.3758 983192
21.3759 981744
21.376 980296
21.3762 978848
21.3763 977400
21.3764 975952
21.3765 974504
21.3766 973056
21.3768 971608
21.3769 970160
21.377 968883
21.3771 967264
21.3772 965816
21.3774 964368
21.3775 962920
21.3776 961472
21.3777 960024
21.3778 958576
21.378 957128
21.3781 955680
21.3782 954232
21.3783 952784
21.3784 951336
21.3786 950033
21.3787 948440
21.3788 946992
21.3789 945544
21.379 944096
21.3792 942648
21.3793 941200
21.3794 939752
21.3795 938304
21.3796 936856
21.3798 935785
21.3799 933960
21.38 932512
21.3801 931182
21.3802 929616
21.3804 928168
21.3805 926720
21.3806 925272
21.3807 923824
21.3808 922376
21.381 920928
21.3811 919480
21.3812 918032
21.3813 916934
21.3814 915136
21.3816 913688
21.3817 912331
21.3818 910792
21.3864 909344
21.4469 907896
21.4662 910792
21.5303 912240
21.5306 913688
21.5413 915136
21.5735 916584
21.5975 918032
21.6252 919480
21.6447 920928
21.6639 922376
21.6882 923824
21.7096 925272
21.7288 926720
21.7488 928168
21.773 929616
21.7909 931064
21.8102 932512
21.8296 933960
21.8489 935408
21.8662 936856
21.8873 938304
21.9034 939752
21.9236 941200
21.946 942648
21.9655 944096
21.9821 945544
22.0023 946992
22.0256 948440
22.0453 949888
22.065 951336
22.0855 952784
22.1076 954232
22.1258 955680
22.1484 957128
22.169 958576
22.193 960024
22.2098 961472
22.2324 962920
22.2531 964368
22.273 965816
22.298 967264
22.3206 968712
22.3415 970160
22.3615 971608
22.3868 973056
22.4097 974504
22.4306 975952
22.4507 977400
22.4762 978848
22.4991 980296
22.5202 981744
22.5404 983192
22.5662 984640
22.5893 986088
22.6104 987536
22.6309 988984
22.6566 990432
22.6797 991880
22.701 993328
22.7293 994776
22.7509 996224
22.7766 997672
22.799 999120
22.8288 1000568
22.8554 1002016
22.8761 1003464
22.9047 1004912
22.9366 1006360
22.9615 1007808
22.9901 1009256
23.0199 1010704
23.0471 1012152
23.0757 1013600
23.1061 1015048
23.133 1016496
23.1619 1017944
23.1953 1019392
23.2195 1020840
23.2476 1022288
23.2767 1023736
23.3134 1025184
23.3417 1026632
23.3708 1028080
23.4076 1029528
23.4362 1030976
23.4653 1032424
23.5024 1033872
23.531 1035320
23.5603 1036768
23.5976 1038216
23.6262 1039664
23.6632 1041112
23.694 1042560
23.7311 1044008
23.7688 1045456
23.8036 1046904
23.8462 1048352
23.8855 1049800
23.9263 1051248
23.9648 1052696
24.0092 1054144
24.0412 1055592
24.0939 1057040
24.1386 1058488
24.1853 1059936
24.2213 1061384
24.2742 1062832
24.3192 1064280
24.3721 1065728
24.4173 1067176
24.4704 1068624
24.5158 1070072
24.569 1071520
24.6145 1072968
24.6678 1074416
24.7135 1075864
24.767 1077312
24.8335 1078760
24.8919 1080208
24.9591 1081656
25.0122 1083104
25.1016 1084552
25.1666 1086000
25.2577 1087448
25.3132 1088896
25.414 1090344
25.5147 1091792
25.6158 1093240
25.7172 1094688
25.8187 1096136
25.9201 1097584
26.0219 1099032
26.1281 1100480
26.2943 1101928
26.4915 1103376
26.7389 1104824
27.0917 1106272
29.8061 1107720
30.1589 1109168
30.4063 1110616
30.6081 1112064
30.7697 1113512
30.9151 1114960
31.0452 1116408
31.1632 1117856
31.2743 1119304
31.3729 1120752
31.4672 1122200
31.5626 1123648
31.64 1125096
31.7199 1126544
31.7961 1127992
31.8689 1129440
31.9387 1130888
32.0058 1132336
32.0704 1133784
32.1328 1135232
32.1933 1136680
32.2517 1138128
32.3162 1139576
32.3636 1141024
32.4249 1142472
32.4696 1143920
32.5205 1145368
32.5701 1146816
32.6187 1148264
32.666 1149712
32.7124 1151160
32.7576 1152608
32.8022 1154056
32.8457 1155504
32.8884 1156952
32.9303 1158400
32.9728 1159848
33.0116 1161296
33.0515 1162744
33.0904 1164192
33.1289 1165640
33.1666 1167088
33.2036 1168536
33.2402 1169984
33.2762 1171432
33.3117 1172880
33.3467 1174328
33.3813 1175776
33.4179 1177224
33.4515 1178672
33.482 1180120
33.5147 1181568
33.5468 1183016
33.5788 1184464
33.6102 1185912
33.6432 1187360
33.6768 1188808
33.7025 1190256
33.7323 1191704
33.762 1193152
33.7916 1194600
33.8204 1196048
33.8492 1197496
33.8776 1198944
33.9057 1200392
33.9336 1201840
33.9612 1203288
33.9885 1204736
34.0423 1206184
34.0772 1207632
34.1212 1209080
34.1579 1210528
34.1925 1211976
34.2268 1213424
34.2568 1214872
34.2818 1216320
34.3083 1217768
34.3426 1219216
34.3691 1220664
34.3929 1222112
34.4145 1223560
34.4464 1225008
34.4642 1226456
34.4893 1227904
34.5098 1229352
34.5312 1230800
34.5535 1232248
34.5811 1233696
34.6066 1235144
34.627 1236592
34.6487 1238040
34.6693 1239488
34.6989 1240936
34.7247 1242384
34.7452 1243832
34.767 1245280
34.7877 1246728
34.8139 1248176
34.8362 1249624
34.8533 1251072
34.872 1252520
34.8922 1253968
34.9177 1255416
34.9328 1256864
34.9553 1258312
34.9726 1259760
34.9909 1261208
35.0104 1262656
35.0373 1264104
35.0526 1265552
35.0755 1267000
35.0928 1268448
35.1103 1269896
35.1291 1271344
35.1466 1272792
35.1733 1274240
35.1962 1275688
35.2138 1277136
35.2316 1278584
35.2503 1280032
35.2681 1281480
35.2924 1282928
35.3075 1284376
35.3279 1285824
35.3431 1287272
35.3592 1288720
35.3767 1290168
35.4008 1291616
35.4145 1293064
35.4296 1294512
35.4504 1295960
35.4655 1297408
35.4809 1298856
35.4975 1300304
35.5129 1301752
35.5374 1303200
35.5528 1304648
35.5737 1306096
35.589 1307544
35.6047 1308992
35.6212 1310440
35.6369 1311888
35.6602 1313336
35.6751 1314784
35.6771 1313336
35.6772 1312461
35.6774 1312024
35.6775 1310440
35.6776 1308992
35.6777 1307544
35.6778 1306096
35.678 1304648
35.6781 1303200
35.6782 1301752
35.6783 1300304
35.6784 1298856
35.6786 1297408
35.6787 1295960
35.6788 1294512
35.6789 1293297
35.679 1291616
35.6792 1290168
35.6793 1288725
35.6794 1287272
35.6795 1285824
35.6796 1284376
35.6853 1282928
35.6854 1281480
35.6855 1280032
35.6857 1278584
35.6858 1277136
35.6859 1275688
35.686 1274571
35.6861 1272792
35.6863 1271344
35.6864 1269998
35.6865 1268448
35.6866 1267000
35.6867 1265552
35.6869 1264104
35.687 1262656
35.6871 1261208
35.6872 1259760
35.6873 1258312
35.6875 1256864
35.6876 1255416
35.6877 1253968
35.6878 1252520
35.6879 1251272
35.6881 1249624
35.6882 1248176
35.6883 1246728
35.6884 1245280
35.6885 1243832
35.6887 1242384
35.6888 1240936
35.6889 1239488
35.689 1238040
35.6891 1236592
35.6893 1235144
35.6894 1233696
35.6895 1232545
35.6896 1230800
35.6897 1229352
35.6899 1227973
35.69 1226456
35.6901 1225008
35.6902 1223560
35.6903 1222112
35.6905 1220664
35.6906 1219216
35.6907 1217768
35.6908 1216320
35.6909 1214872
35.6911 1213424
35.6912 1211976
35.6913 1210528
35.6914 1209247
35.6915 1207632
35.6917 1206184
35.6918 1204736
35.6919 1203288
35.692 1201840
35.6921 1200392
35.6923 1198944
35.6924 1197496
35.6925 1196048
35.6926 1194600
35.6927 1193152
35.6929 1191704
35.693 1190520
35.6931 1188808
35.6932 1187360
35.6933 1185948
35.6935 1184464
35.6936 1183016
35.6937 1181568
35.6938 1180120
35.6939 1178672
35.6941 1177224
35.6942 1175776
35.6943 1174328
35.6944 1172880
35.6945 1171794
35.6947 1169984
35.6948 1168536
35.6949 1167221
35.695 1165640
35.6951 1164192
35.6953 1162744
35.6954 1161296
35.6955 1159848
35.6956 1158400
35.6957 1156952
35.6959 1155504
35.696 1154056
35.6961 1152608
35.6962 1151160
35.6963 1149712
35.6965 1148495
35.6966 1146816
35.6967 1145368
35.6968 1143922
35.6969 1142472
35.6971 1141024
35.6972 1139576
35.6973 1138128
35.6974 1136680
35.6975 1135232
35.6977 1133784
35.6978 1132336
35.6979 1130888
35.698 1128320
35.6981 1126544
35.6983 1125096
35.6984 1123748
35.6985 1122200
35.6986 1120752
35.6988 1119304
35.6989 1117856
35.699 1116408
35.6991 1114960
35.6992 1113512
35.6994 1112064
35.6995 1110616
35.6996 1109168
35.6997 1107720
35.6998 1106272
35.7 1105021
35.7001 1103376
35.7002 1101928
35.7003 1100480
35.7004 1099032
35.7006 1097584
35.7007 1096136
35.7008 1094688
35.7009 1093240
35.701 1091792
35.7012 1090344
35.7013 1088896
35.7014 1087448
35.7015 1086295
35.7016 1084552
35.7018 1083104
35.7019 1081723
35.702 1080208
35.7021 1078760
35.7022 1077312
35.7024 1075864
35.7025 1074416
35.7026 1072968
35.7027 1071520
35.7028 1070072
35.703 1068624
35.7031 1067176
35.7032 1065728
35.7033 1064280
35.7034 1062996
35.7036 1061384
35.7037 1059936
35.7038 1058488
35.7039 1057040
35.704 1055592
35.7042 1054144
35.7043 1052696
35.7044 1051248
35.7045 1049800
35.7046 1048352
35.7048 1046904
35.7049 1045456
35.705 1044270
35.7051 1042560
35.7052 1041112
35.7054 1039697
35.7055 1038216
35.7056 1036768
35.7057 1035320
35.7058 1033872
35.706 1032424
35.7061 1030976
35.7062 1029528
35.7063 1028080
35.7064 1026632
35.7066 1025543
35.7067 1023736
35.7068 1022288
35.7069 1020971
35.707 1019392
35.7072 1017944
35.7073 1016496
35.7074 1015048
35.7075 1013600
35.7076 1012152
35.7078 1010704
35.7079 1009256
35.708 1007808
35.7081 1006360
35.7082 1004912
35.7084 1003464
35.7085 1002244
35.7086 1000568
35.7087 999120
35.7088 997672
35.709 996224
35.7091 994776
35.7092 993328
35.7093 991880
35.7094 990432
35.7096 988984
35.7097 987536
35.7098 986088
35.7099 984640
35.71 983518
35.7102 981744
35.7103 980296
35.7104 978945
35.7105 977400
35.7106 975952
35.7108 974504
35.7109 973056
35.711 971608
35.7111 970160
35.7112 968712
35.7114 967264
35.7115 965816
35.7116 964368
35.7117 962920
35.7118 961472
35.712 960219
35.7121 958576
35.7122 957128
35.7123 955680
35.7124 954232
35.7126 952784
35.7127 951336
35.7128 949888
35.7129 948440
35.713 946992
35.7132 945544
35.7133 944096
35.7134 941200
35.7135 940044
35.7137 938304
35.7138 936856
35.7139 935472
35.714 933960
35.7141 932512
35.7143 931064
35.7144 929616
35.7145 928168
35.7146 926720
35.7147 925272
35.7149 923824
35.715 922376
35.7151 920928
35.7152 919480
35.729 918032
35.7456 916584
35.7612 915136
35.7716 913688
35.7845 912240
35.7994 910792
35.8011 919480
35.8909 920928
35.8911 922376
35.8914 923824
35.9051 925272
35.9253 926720
35.9445 928168
35.9669 929616
35.9794 931064
35.9977 932512
36.0114 933960
36.0225 935408
36.0338 936856
36.0525 938304
36.0636 939752
36.0746 941200
36.0902 942648
36.1015 944096
36.1121 945544
36.1232 946992
36.1425 948440
36.1521 949888
36.162 951336
36.1718 952784
36.1872 954232
36.1983 955680
36.2081 957128
36.218 958576
36.2372 960024
36.247 961472
36.2571 962920
36.267 964368
36.2826 965816
36.2937 967264
36.3038 968712
36.3136 970160
36.3331 971608
36.3429 973056
36.353 974504
36.3631 975952
36.3789 977400
36.3901 978848
36.4002 980296
36.4103 981744
36.4298 983192
36.4399 984640
36.4502 986088
36.4603 987536
36.4764 988984
36.4877 990432
36.4981 991880
36.5081 993328
36.5279 994776
36.5379 996224
36.5483 997672
36.5589 999120
36.5748 1000568
36.5864 1002016
36.5972 1003464
36.6087 1004912
36.6284 1006360
36.6388 1007808
36.6491 1009256
36.6657 1010704
36.6758 1012152
36.688 1013600
36.6996 1015048
36.7116 1016496
36.7313 1017944
36.7419 1019392
36.7539 1020840
36.7703 1022288
36.7821 1023736
36.7941 1025184
36.8064 1026632
36.8263 1028080
36.8369 1029528
36.8489 1030976
36.8595 1032424
36.8766 1033872
36.8898 1035320
36.902 1036768
36.9143 1038216
36.9342 1039664
36.946 1041112
36.9573 1042560
36.9741 1044008
36.9877 1045456
37.0002 1046904
37.0125 1048352
37.0326 1049800
37.0451 1051248
37.0574 1052696
37.0745 1054144
37.0867 1055592
37.1004 1057040
37.1129 1058488
37.1341 1059936
37.1458 1061384
37.1583 1062832
37.1768 1064280
37.1893 1065728
37.2033 1067176
37.2158 1068624
37.2285 1070072
37.2505 1071520
37.2632 1072968
37.2817 1074416
37.2945 1075864
37.3084 1077312
37.3211 1078760
37.3339 1080208
37.3562 1081656
37.369 1083104
37.3877 1084552
37.4007 1086000
37.4146 1087448
37.4276 1088896
37.4403 1090344
37.4631 1091792
37.4758 1093240
37.4948 1094688
37.5078 1096136
37.5219 1097584
37.5371 1099032
37.5597 1100480
37.5726 1101928
37.5873 1103376
37.6046 1104824
37.6209 1106272
37.6342 1107720
37.6493 1109168
37.6723 1110616
37.6874 1112064
37.7028 1113512
37.7237 1114960
37.7386 1116408
37.754 1117856
37.777 1119304
37.7924 1120752
37.8078 1122200
37.8294 1123648
37.8438 1125096
37.8592 1126544
37.8783 1127992
37.8937 1129440
37.9093 1130888
37.9287 1132336
37.9455 1133784
37.9611 1135232
37.9801 1136680
37.9957 1138128
38.0133 1139576
38.0323 1141024
38.0512 1142472
38.07 1143920
38.0899 1145368
38.1082 1146816
38.1289 1148264
38.1481 1149712
38.1671 1151160
38.1881 1152608
38.2054 1154056
38.2246 1155504
38.2484 1156952
38.2648 1158400
38.284 1159848
38.3066 1161296
38.3258 1162744
38.3489 1164192
38.3693 1165640
38.3885 1167088
38.4115 1168536
38.4307 1169984
38.454 1171432
38.4744 1172880
38.4939 1174328
38.517 1175776
38.5364 1177224
38.5598 1178672
38.5804 1180120
38.6001 1181568
38.6232 1183016
38.6429 1184464
38.6663 1185912
38.6872 1187360
38.7074 1188808
38.7312 1190256
38.7572 1191704
38.7791 1193152
38.7995 1194600
38.8278 1196048
38.8475 1197496
38.8763 1198944
38.9025 1200392
38.9222 1201840
38.9508 1203288
38.9791 1204736
39.001 1206184
39.026 1207632
39.0546 1209080
39.0838 1210528
39.11 1211976
39.1352 1213424
39.1638 1214872
39.1931 1216320
39.2196 1217768
39.2448 1219216
39.2736 1220664
39.3031 1222112
39.3295 1223560
39.355 1225008
39.3838 1226456
39.4136 1227904
39.4403 1229352
39.4658 1230800
39.4948 1232248
39.5248 1233696
39.5534 1235144
39.5877 1236592
39.6149 1238040
39.6514 1239488
39.6803 1240936
39.718 1242384
39.7535 1243832
39.7837 1245280
39.8217 1246728
39.8599 1248176
39.8878 1249624
39.926 1251072
39.9606 1252520
40.0011 1253968
40.0393 1255416
40.0739 1256864
40.1145 1258312
40.1527 1259760
40.1876 1261208
40.2282 1262656
40.2668 1264104
40.3018 1265552
40.3425 1267000
40.3879 1268448
40.4343 1269896
40.4749 1271344
40.5303 1272792
40.5723 1274240
40.629 1275688
40.6829 1277136
40.727 1278584
40.7844 1280032
40.843 1281480
40.9005 1282928
40.9592 1284376
41.0169 1285824
41.0758 1287272
41.1335 1288720
41.1923 1290168
41.2504 1291616
41.3095 1293064
41.3804 1294512
41.4602 1295960
41.5442 1297408
41.6031 1298856
41.7209 1300304
41.8284 1301752
41.8988 1303200
42.0174 1304648
42.1361 1306096
42.2549 1307544
42.3739 1308992
42.497 1310440
42.694 1311888
42.9415 1313336
43.2943 1314784
46.0086 1316232
46.3615 1317680
46.6089 1319128
46.8059 1320576
46.9722 1322024
47.1177 1323472
47.2512 1324920
47.3658 1326368
47.4744 1327816
47.5755 1329264
47.6699 1330712
47.7586 1332160
47.8426 1333608
47.9224 1335056
47.9986 1336504
48.0468 1335056
48.0469 1334183
48.047 1333746
48.0471 1332160
48.0472 1330712
48.0474 1329264
48.0475 1327816
48.0476 1326368
48.0477 1324920
48.0478 1323472
48.048 1322024
48.0481 1320576
48.0482 1319128
48.0483 1317680
48.0484 1316232
48.0486 1314784
48.0487 1313336
48.0488 1311888
48.0489 1310725
48.049 1308992
48.0492 1307544
48.0493 1306208
48.0494 1304648
48.0495 1303200
48.0496 1301752
48.0498 1300304
48.0499 1298856
48.05 1297408
48.0501 1295960
48.0502 1294512
48.0504 1293064
48.0505 1291616
48.0506 1290168
48.0507 1288720
48.0508 1287272
48.051 1285824
48.0511 1284376
48.0512 1283187
48.0513 1281480
48.0514 1280032
48.0516 1278670
48.0517 1277136
48.0518 1275688
48.0519 1274240
48.052 1272792
48.0522 1271344
48.0523 1269896
48.0524 1268448
48.0525 1267000
48.0526 1265552
48.0528 1264104
48.0529 1262656
48.053 1261208
48.0531 1259760
48.0532 1258312
48.0534 1256864
48.0535 1255649
48.0536 1253968
48.0537 1252520
48.0538 1251132
48.054 1249624
48.0541 1248176
48.0542 1246728
48.0543 1245280
48.0544 1243832
48.0546 1242384
48.0547 1240936
48.0548 1239488
48.0549 1238040
48.055 1236592
48.0552 1235144
48.0553 1233696
48.0554 1232248
48.0555 1230800
48.0556 1229352
48.0558 1228111
48.0559 1226456
48.056 1225008
48.0561 1223594
48.0562 1222112
48.0564 1220664
48.0565 1219216
48.0566 1217768
48.0567 1216320
48.0568 1214872
48.057 1213424
48.0571 1211976
48.0572 1210528
48.0573 1209080
48.0574 1207632
48.0576 1206184
48.0577 1204736
48.0578 1203288
48.0579 1201840
48.058 1200573
48.0582 1198944
48.0583 1197496
48.0584 1196056
48.0585 1194600
48.0586 1193152
48.0588 1191704
48.0589 1190256
48.0641 1188808
48.0642 1187360
48.0643 1185912
48.0644 1184464
48.0645 1183016
48.0647 1181568
48.0648 1180120
48.0649 1178672
48.065 1177224
48.0651 1175776
48.0653 1174328
48.0654 1173035
48.0655 1171432
48.0656 1169984
48.0657 1168536
48.0659 1167088
48.066 1165640
48.0661 1164192
48.0662 1162744
48.0663 1161296
48.0665 1159848
48.0666 1158400
48.0667 1156952
48.0668 1155504
48.0669 1154056
48.0671 1152608
48.0672 1151160
48.0673 1150014
48.0674 1148264
48.0675 1146816
48.0677 1145497
48.0678 1143920
48.0679 1142472
48.068 1141024
48.0681 1139576
48.0683 1138128
48.0684 1136680
48.0685 1135232
48.0686 1133784
48.0687 1132336
48.0689 1130888
48.069 1129440
48.0691 1127992
48.0692 1126544
48.0693 1125096
48.0695 1123648
48.0696 1122476
48.0697 1120752
48.0698 1119304
48.0699 1117959
48.0701 1116408
48.0702 1114960
48.0703 1113512
48.0704 1112064
48.0705 1110616
48.0707 1109168
48.0708 1107720
48.0709 1106272
48.071 1104824
48.0711 1103376
48.0713 1101928
48.0714 1100480
48.0715 1099032
48.0716 1097584
48.0717 1096136
48.0719 1094938
48.072 1093240
48.0721 1091792
48.0722 1090421
48.0723 1088896
48.0725 1087448
48.0726 1086000
48.0727 1084552
48.0728 1083104
48.0729 1081656
48.0731 1080208
48.0732 1078760
48.0733 1077312
48.0734 1075864
48.0735 1074416
48.0737 1072968
48.0738 1071520
48.0739 1070072
48.074 1068624
48.0741 1067400
48.0743 1065728
48.0744 1064280
48.0745 1062883
48.0746 1061384
48.0747 1059936
48.0749 1058488
48.075 1057040
48.0751 1055592
48.0752 1054144
48.0753 1052696
48.0755 1051248
48.0756 1049800
48.0757 1048352
48.0758 1046904
48.076 1045456
48.0761 1044008
48.0762 1042560
48.0763 1041112
48.0764 1039862
48.0766 1038216
48.0767 1036768
48.0768 1035345
48.0769 1033872
48.077 1032424
48.0772 1030976
48.0773 1029528
48.0774 1028080
48.0775 1026632
48.0776 1025184
48.0778 1023736
48.0779 1022288
48.078 1020840
48.0781 1019392
48.0782 1017944
48.0784 1016496
48.0785 1015048
48.0786 1013600
48.0787 1012324
48.0788 1010704
48.079 1009256
48.0791 1007808
48.0792 1006360
48.0793 1004912
48.0794 1003464
48.0796 1002016
48.0797 1000568
48.0798 999120
48.0799 997672
48.08 996224
48.0802 994776
48.0803 993328
48.0804 991880
48.0805 990432
48.0806 988984
48.0808 987536
48.0809 986088
48.081 984786
48.0811 983192
48.0812 981744
48.0814 980296
48.0815 978848
48.0816 977400
48.0817 975952
48.0818 974504
48.082 973056
48.0821 971608
48.0822 970160
48.0823 968712
48.0824 967264
48.0826 965816
48.0827 964368
48.0828 962920
48.0829 961765
48.083 960024
48.0832 958576
48.0833 957248
48.0834 955680
48.0835 954232
48.0836 952784
48.0838 951336
48.0839 949888
48.084 948440
48.0841 946992
48.0842 945544
48.0844 944096
48.0845 942648
48.0846 941200
48.0847 939752
48.0848 938304
48.085 936856
48.0851 935408
48.1229 933960
48.1706 935408
48.2137 936856
48.2139 938304
48.2141 939752
48.2144 941200
48.2146 942648
48.2233 944096
48.2341 945544
48.2449 946992
48.2557 948440
48.2669 949888
48.2775 951336
48.2885 952784
48.2993 954232
48.3104 955680
48.3214 957128
48.3325 958576
48.3435 960024
48.3589 961472
48.3657 962920
48.377 964368
48.3887 965816
48.3993 967264
48.4106 968712
48.4217 970160
48.4329 971608
48.4445 973056
48.4557 974504
48.4672 975952
48.4823 977400
48.49 978848
48.5016 980296
48.5129 981744
48.5244 983192
48.5362 984640
48.5477 986088
48.5592 987536
48.5768 988984
48.5825 990432
48.5943 991880
48.6061 993328
48.6179 994776
48.6299 996224
48.6415 997672
48.6536 999120
48.6656 1000568
48.6774 1002016
48.7014 1003464
48.7259 1004912
48.7523 1006360
48.7749 1007808
48.7917 1009256
48.8105 1010704
48.8244 1012152
48.8439 1013600
48.8578 1015048
48.876 1016496
48.888 1017944
48.9022 1019392
48.9142 1020840
48.9262 1022288
48.9437 1023736
48.956 1025184
48.974 1026632
48.9863 1028080
49.0005 1029528
49.0127 1030976
49.0247 1032424
49.0411 1033872
49.0533 1035320
49.07 1036768
49.0808 1038216
49.0936 1039664
49.1058 1041112
49.1181 1042560
49.1344 1044008
49.1467 1045456
49.1626 1046904
49.1736 1048352
49.1856 1049800
49.2 1051248
49.2125 1052696
49.2248 1054144
49.2421 1055592
49.2539 1057040
49.2711 1058488
49.2836 1059936
49.2968 1061384
49.3093 1062832
49.3218 1064280
49.3398 1065728
49.3508 1067176
49.3682 1068624
49.3806 1070072
49.3955 1071520
49.408 1072968
49.4208 1074416
49.439 1075864
49.4518 1077312
49.4692 1078760
49.4819 1080208
49.4968 1081656
49.5096 1083104
49.5223 1084552
49.5408 1086000
49.5536 1087448
49.573 1088896
49.5841 1090344
49.5992 1091792
49.612 1093240
49.6249 1094688
49.6434 1096136
49.6564 1097584
49.676 1099032
49.689 1100480
49.7041 1101928
49.7171 1103376
49.7301 1104824
49.7486 1106272
49.7618 1107720
49.7813 1109168
49.7945 1110616
49.8096 1112064
49.8228 1113512
49.838 1114960
49.8546 1116408
49.8699 1117856
49.8896 1119304
49.9031 1120752
49.9198 1122200
49.934 1123648
49.9494 1125096
49.9698 1126544
49.9837 1127992
50.0037 1129440
50.0193 1130888
50.0373 1132336
50.0529 1133784
50.0719 1135232
50.0873 1136680
50.1073 1138128
50.1231 1139576
50.1413 1141024
50.1571 1142472
50.1771 1143920
50.1917 1145368
50.2129 1146816
50.2278 1148264
50.246 1149712
50.2619 1151160
50.2778 1152608
50.2992 1154056
50.3215 1155504
50.3374 1156952
50.3559 1158400
50.3717 1159848
50.3878 1161296
50.4093 1162744
50.4319 1164192
50.448 1165640
50.4665 1167088
50.4826 1168536
50.4987 1169984
50.5206 1171432
50.5432 1172880
50.5593 1174328
50.578 1175776
50.5941 1177224
50.6181 1178672
50.6344 1180120
50.6553 1181568
50.6748 1183016
50.6964 1184464
50.7132 1185912
50.7369 1184464
50.737 1183590
50.7371 1183152
50.7373 1181568
50.7374 1180120
50.7375 1178672
50.7376 1177790
50.7377 1175776
50.7379 1174328
50.738 1172880
50.7381 1171432
50.7382 1169984
50.7383 1168536
50.7385 1167502
50.7386 1165640
50.7387 1164192
50.7388 1162744
50.7389 1161296
50.7391 1159848
50.7392 1158400
50.7393 1157215
50.7394 1155504
50.7395 1154056
50.7397 1152608
50.7398 1151853
50.7399 1149712
50.74 1148264
50.7401 1146928
50.7403 1145368
50.7404 1143920
50.7405 1142472
50.7406 1141565
50.7407 1139576
50.7409 1138128
50.741 1136680
50.7411 1135232
50.7412 1133784
50.7413 1132336
50.7415 1131278
50.7416 1129440
50.7417 1127992
50.7418 1126544
50.7419 1125096
50.7421 1123648
50.7422 1122200
50.7423 1120990
50.7424 1119304
50.7425 1117856
50.7427 1116408
50.7428 1115628
50.7429 1113512
50.743 1112064
50.7431 1110703
50.7433 1109168
50.7434 1107720
50.7435 1106272
50.7436 1105340
50.7437 1103376
50.7439 1101928
50.744 1100480
50.7441 1099032
50.7442 1097584
50.7443 1096136
50.7445 1095053
50.7446 1093240
50.7447 1091792
50.7448 1090344
50.7449 1088896
50.7451 1087448
50.7452 1086000
50.7453 1084765
50.7454 1083104
50.7455 1081656
50.7457 1080208
50.7458 1079403
50.7459 1077312
50.746 1075864
50.7461 1074478
50.7463 1072968
50.7464 1071520
50.7465 1070072
50.7466 1069115
50.7467 1067176
50.7469 1065728
50.747 1064280
50.7471 1062832
50.7472 1061384
50.7473 1059936
50.7475 1058828
50.7476 1057040
50.7477 1055592
50.7478 1054144
50.7479 1052696
50.7481 1051248
50.7482 1049800
50.7483 1048541
50.7484 1046904
50.7485 1045456
50.7487 1044008
50.7488 1043178
50.7489 1041112
50.749 1039664
50.7492 1038253
50.7493 1036768
50.7494 1035320
50.7495 1033872
50.7496 1032891
50.7498 1030976
50.7499 1029528
50.75 1028080
50.7501 1026632
50.7502 1025184
50.7504 1023736
50.7505 1022603
50.7506 1020840
50.7507 1019392
50.7508 1017944
50.751 1016496
50.7511 1015048
50.7512 1013600
50.7513 1012316
50.7514 1010704
50.7516 1009256
50.7517 1007808
50.7518 1006953
50.7519 1004912
50.752 1003464
50.7522 1002028
50.7523 1000568
50.7524 999120
50.7525 997672
50.7526 996666
50.7528 994776
50.7529 993328
50.753 991880
50.7531 990432
50.7532 988984
50.7534 987536
50.7535 986378
50.7536 984640
50.7537 983192
50.7538 981744
50.754 980296
50.7541 978848
50.7542 977400
50.7543 976091
50.7544 974504
50.7546 973056
50.7547 971608
50.7548 970729
50.7549 968712
50.755 967264
50.7552 965816
50.7553 964368
50.7554 962920
50.7555 961472
50.7556 960441
50.7558 958576
50.7559 957128
50.756 955680
50.7561 954232
50.7562 952784
50.7564 951336
50.7565 950154
50.7566 948440
50.7567 946992
50.7568 945544
50.757 944791
50.7571 942648
50.7572 941200
50.7573 939866
50.7574 938304
50.7576 936856
50.7577 935408
50.7578 934504
50.7579 932512
50.758 931064
50.7582 929616
50.7583 928168
50.7584 926720
50.7585 925272
50.7586 924216
50.7588 922376
50.7654 920928
50.7655 919480
50.7656 918032
50.7657 916584
50.7659 915136
50.766 913929
50.7661 912240
50.7662 910792
50.7663 909344
50.7665 908566
50.7666 906448
50.7667 905000
50.7668 903641
50.7669 902104
50.7671 900656
50.7672 899208
50.7673 898279
50.7674 896312
50.7675 894864
50.7677 893416
50.7678 891968
50.7679 890520
50.768 889072
50.7681 887991
50.7683 886176
50.7684 884728
50.7685 883280
50.7686 881832
50.7687 880384
50.7689 878936
50.769 877704
50.7691 876040
50.7692 874592
50.7693 873144
50.7695 872342
50.7696 870248
50.7697 868800
50.7698 867417
50.7699 865904
50.7701 864456
50.7702 863008
50.7703 862054
50.7704 860112
50.7705 858664
50.7707 857216
50.7708 855768
50.7709 854320
50.771 852872
50.7711 851767
50.7713 849976
50.7714 848528
50.7715 847080
50.7716 845632
50.7717 844184
50.7719 842736
50.772 841479
50.7721 839840
50.7722 838392
50.7723 836944
50.7725 836117
50.7726 834048
50.7727 832600
50.7728 831192
50.7729 829704
50.8498 831152
50.8567 832600
50.8613 834048
50.88 835496
50.904 836944
50.9406 838392
50.9651 839840
50.9884 841288
51.0134 842736
51.0359 844184
51.0556 845632
51.0731 847080
51.0964 848528
51.1207 849976
51.1406 851424
51.1584 852872
51.1817 854320
51.2064 855768
51.2263 857216
51.2441 858664
51.2676 860112
51.2924 861560
51.3126 863008
51.3306 864456
51.3542 865904
51.3793 867352
51.3995 868800
51.4175 870248
51.4413 871696
51.4663 873144
51.4867 874592
51.505 876040
51.5287 877488
51.554 878936
51.5745 880384
51.5928 881832
51.6168 883280
51.6421 884728
51.663 886176
51.6834 887624
51.7077 889072
51.7319 890520
51.7568 891968
51.7768 893416
51.8085 894864
51.832 896312
51.8539 897760
51.8835 899208
51.9094 900656
51.9313 902104
51.9563 903552
51.9888 905000
52.0155 906448
52.0405 907896
52.0708 909344
52.0972 910792
52.1251 912240
52.1553 913688
52.1822 915136
52.2101 916584
52.2355 918032
52.2721 919480
52.2954 920928
52.3208 922376
52.3594 923824
52.3875 925272
52.4132 926720
52.4519 928168
52.4803 929616
52.506 931064
52.5451 932512
52.5734 933960
52.5991 935408
52.6383 936856
52.6667 938304
52.6926 939752
52.7319 941200
52.7641 942648
52.8021 944096
52.8379 945544
52.8679 946992
52.914 948440
52.9498 949888
52.9928 951336
53.0288 952784
53.0709 954232
53.1161 955680
53.1532 957128
53.2022 958576
53.2356 960024
53.2818 961472
53.3317 962920
53.378 964368
53.428 965816
53.4744 967264
53.5246 968712
53.5711 970160
53.6213 971608
53.6682 973056
53.7187 974504
53.7656 975952
53.8161 977400
53.8752 978848
53.9341 980296
53.9989 981744
54.0594 983192
54.1356 984640
54.2086 986088
54.2566 987536
54.3554 988984
54.4483 990432
54.5057 991880
54.6053 993328
54.7048 994776
54.8044 996224
54.9044 997672
55.0047 999120
55.1049 1000568
55.2348 1002016
55.4011 1003464
55.5981 1004912
55.8505 1006360
56.2 1007808
58.9183 1009256
59.2655 1010704
59.5131 1012152
59.7101 1013600
59.839 1012152
59.8391 1011274
59.8393 1010834
59.8394 1010395
59.8395 1007808
59.8396 1006360
59.8397 1004912
59.8399 1004412
59.84 1002016
59.8401 1000568
59.8402 999120
59.8403 998430
59.8405 996224
59.8406 994776
59.8407 993328
59.8408 992447
59.8409 990432
59.8411 988984
59.8412 987536
59.8413 986464
59.8414 984640
59.8415 983192
59.8417 981744
59.8418 980482
59.8419 980042
59.842 977400
59.8421 975952
59.8423 974504
59.8424 974060
59.8502 971608
59.8503 970160
59.8504 968712
59.8505 968077
59.8507 965816
59.8508 964368
59.8509 962920
59.851 962094
59.8511 960024
59.8513 958576
59.8514 957128
59.8515 956112
59.8516 954232
59.8518 952784
59.8519 951336
59.852 950129
59.8521 949690
59.8522 946992
59.8524 945544
59.8525 944146
59.8526 943707
59.8527 941200
59.8528 939752
59.853 938304
59.8531 937724
59.8532 935408
59.8533 933960
59.8534 932512
59.8536 931742
59.8537 929616
59.8538 928168
59.8539 926720
59.854 925759
59.8542 923824
59.8543 922376
59.8544 920928
59.8545 919776
59.8546 919337
59.8548 916584
59.8549 915136
59.855 913794
59.8551 913354
59.8552 910792
59.8554 909344
59.8555 907896
59.8556 907372
59.8557 905000
59.8558 903552
59.856 902104
59.8561 901389
59.8562 899208
59.8563 897760
59.8564 896312
59.8566 895406
59.8567 893416
59.8568 891968
59.8569 890520
59.857 889424
59.8572 887624
59.8573 886176
59.8574 884728
59.8575 883441
59.8576 883002
59.8578 880384
59.8579 878936
59.858 877488
59.8581 877019
59.8582 874592
59.8584 873144
59.8585 871696
59.8586 871036
59.8587 868800
59.8588 867352
59.859 865904
59.8591 865054
59.8592 863008
59.8593 861560
59.8594 860112
59.8596 859071
59.8597 857216
59.8598 855768
59.8599 854320
59.86 853088
59.8602 852649
59.8603 849976
59.8604 848528
59.8605 847106
59.8606 846666
59.8608 844184
59.8609 842736
59.861 841288
59.8611 840684
59.8612 838392
59.8614 836944
59.8615 835496
59.8616 834701
59.8704 832600
59.8705 831152
59.8706 829704
59.8707 828718
59.8709 826808
59.871 825360
59.8711 823912
59.8712 822736
59.8713 822296
59.8715 819568
59.8716 818120
59.8717 816753
59.8718 816314
59.8719 813776
59.8721 812328
59.8722 810880
59.8723 810331
59.8724 807984
59.8725 806536
59.8727 805088
59.8728 804348
59.8729 802192
59.873 800744
59.8731 799296
59.8733 798366
59.8734 796400
59.8735 794952
59.8736 793504
59.8737 792383
59.8739 790608
59.874 789160
59.8741 787712
59.8742 786400
59.8743 785961
59.8745 783368
59.8746 781920
59.8747 780472
59.8748 779978
59.8749 777576
59.8751 776128
59.8752 774680
59.8753 773996
59.8754 771784
59.8755 770336
59.8757 768888
59.8758 768013
59.8759 765992
59.876 764544
59.8761 763096
59.8763 762030
59.8764 760200
59.8765 758752
59.8766 757304
59.8767 756048
59.8769 755608
59.877 752960
59.8771 751512
59.8772 750065
59.8773 749626
59.8775 747168
59.8776 745720
59.8777 744272
59.8778 743643
59.8779 741376
59.8781 739928
59.8782 738480
59.8783 737660
59.8784 735584
59.8785 734136
59.8787 732688
59.8788 731678
59.8789 729792
59.879 728344
59.8791 726896
59.8793 725695
59.8794 725256
59.8795 722552
59.8796 721104
59.8797 719712
59.8799 719273
59.88 716760
59.8801 715312
59.8802 713864
59.8803 713290
59.8805 710968
59.8806 709520
59.8807 708072
59.943 709520
59.9595 710968
59.9598 712416
59.96 713864
59.9603 715312
59.9634 716760
59.9764 718208
59.9893 719656
